0 0.412122 0.694530 0.109391 0.030435
0 0.550055 0.421188 0.087071 0.028469
0 0.110981 0.156765 0.057302 0.026367
0 0.517634 0.598320 0.057436 0.032029
0 0.253018 0.335974 0.161259 0.037579
0 0.484232 0.511386 0.065673 0.035083
0 0.203881 0.514899 0.056892 0.034993
0 0.460430 0.424027 0.088222 0.034215
0 0.401983 0.513392 0.085218 0.031961
0 0.310743 0.517328 0.098979 0.037424
0 0.367951 0.330545 0.064667 0.027464
0 0.582254 0.141361 0.042554 0.029467
0 0.112208 0.603546 0.045529 0.029580
0 0.179233 0.244364 0.060783 0.032092
0 0.578155 0.599441 0.052136 0.029542
0 0.152209 0.427761 0.058025 0.026078
0 0.671507 0.418380 0.068613 0.030514
0 0.341937 0.239290 0.093762 0.034772
0 0.172771 0.695593 0.043953 0.025771
0 0.510467 0.329118 0.078179 0.033423
0 0.392052 0.602470 0.031516 0.025104
0 0.434462 0.329225 0.070888 0.028286
0 0.115364 0.246627 0.066917 0.028653
1 0.495287 0.193419 0.017926 0.024404
0 0.101019 0.335966 0.033031 0.026539
0 0.446701 0.600064 0.080451 0.031590
0 0.622355 0.145251 0.033691 0.026999
0 0.198954 0.602564 0.066964 0.026355
0 0.361664 0.601777 0.029616 0.023840
0 0.144787 0.335855 0.055436 0.027210
1 0.536326 0.193554 0.029812 0.025878
0 0.645548 0.512497 0.082809 0.034855
0 0.663874 0.230437 0.040886 0.025226
0 0.247640 0.517573 0.029847 0.027128
0 0.303420 0.602679 0.084780 0.035056
1 0.196710 0.746593 0.018173 0.024057
0 0.105119 0.427437 0.036113 0.025192
1 0.375151 0.654885 0.028811 0.024643
0 0.193545 0.424727 0.023804 0.030045
0 0.291322 0.696240 0.133400 0.033597
0 0.115870 0.519885 0.065744 0.032239
0 0.596619 0.324631 0.091996 0.030028
1 0.465450 0.473907 0.023854 0.026280
0 0.613887 0.409796 0.050272 0.047231
1 0.350848 0.383398 0.019068 0.024395
0 0.208624 0.695296 0.028587 0.027169
0 0.616369 0.230100 0.053261 0.035795
1 0.186234 0.639384 0.021297 0.031979
1 0.379572 0.371387 0.021316 0.027074
0 0.159309 0.778172 0.123228 0.032048
1 0.127994 0.472920 0.017578 0.024840
0 0.544928 0.513741 0.057966 0.027848
1 0.555403 0.466229 0.021224 0.025541
1 0.597449 0.281759 0.017150 0.024124
0 0.152325 0.601896 0.028061 0.024411
1 0.149013 0.628939 0.020443 0.015896
1 0.392249 0.566129 0.029764 0.024899
1 0.382672 0.469388 0.032627 0.025734
1 0.488106 0.283372 0.018446 0.025159
0 0.412438 0.239330 0.042358 0.033334
1 0.317351 0.384050 0.020886 0.025673
1 0.329267 0.473412 0.026797 0.028741
0 0.542698 0.692165 0.062580 0.034885
1 0.568129 0.281429 0.018001 0.024673
1 0.097195 0.209932 0.018270 0.023919
0 0.390067 0.149047 0.085127 0.029674
1 0.326663 0.656252 0.020170 0.025808
1 0.299484 0.476437 0.022813 0.022920
1 0.158725 0.376695 0.021908 0.029100
0 0.273153 0.424780 0.140756 0.034955
1 0.659011 0.286344 0.022056 0.024120
1 0.528822 0.455602 0.027937 0.031165
1 0.377671 0.291902 0.018148 0.023187
0 0.166565 0.146277 0.057657 0.048171
1 0.250011 0.745423 0.019272 0.020801
0 0.247322 0.603024 0.029121 0.027902
0 0.589713 0.512853 0.031381 0.024801
1 0.135505 0.292196 0.019659 0.026560
0 0.622848 0.693838 0.095986 0.040594
1 0.420006 0.474389 0.024041 0.025113
1 0.157849 0.478629 0.018355 0.024703
1 0.186088 0.473802 0.025394 0.024723
0 0.359566 0.424320 0.031406 0.025432
1 0.112320 0.755979 0.016847 0.018015
1 0.243523 0.561376 0.018329 0.024607
1 0.601390 0.196101 0.020550 0.024574
1 0.588230 0.557306 0.026341 0.022830
1 0.355578 0.572966 0.026021 0.019456
1 0.098409 0.472965 0.025396 0.023405
1 0.414155 0.661956 0.019160 0.024638
1 0.440699 0.365994 0.024989 0.019125
1 0.190743 0.564179 0.030814 0.030173
1 0.117284 0.208708 0.019118 0.021547
1 0.585148 0.381357 0.027254 0.025110
1 0.448168 0.663640 0.021024 0.026541
1 0.192516 0.206426 0.019213 0.023621
1 0.163813 0.746870 0.017779 0.025492
1 0.669465 0.465120 0.031185 0.026027
0 0.358664 0.780311 0.187845 0.036159
1 0.467397 0.755086 0.020019 0.024551
1 0.637033 0.554966 0.013208 0.022369
1 0.534263 0.288614 0.020771 0.025654
1 0.327852 0.110003 0.021708 0.025430
1 0.425175 0.554875 0.027059 0.029159
0 0.571516 0.780086 0.078993 0.029637
1 0.279084 0.560993 0.029672 0.024528
1 0.349860 0.286290 0.016450 0.022587
1 0.571267 0.196577 0.016236 0.023401
1 0.415002 0.362825 0.013709 0.028844
1 0.382816 0.746834 0.024499 0.018535
1 0.230370 0.746645 0.014954 0.021971
1 0.348960 0.471911 0.016172 0.028266
1 0.275945 0.203670 0.016584 0.022673
1 0.244407 0.472086 0.015194 0.026552
0 0.389429 0.423517 0.027586 0.024884
1 0.236414 0.668365 0.020137 0.025437
1 0.221563 0.202940 0.022381 0.019962
0 0.270619 0.153743 0.151503 0.035441
0 0.664812 0.324588 0.036338 0.024732
1 0.135322 0.382527 0.027644 0.021984
1 0.080838 0.361480 0.016703 0.017660
0 0.646156 0.599214 0.079989 0.028670
1 0.080529 0.273567 0.016431 0.021252
1 0.626929 0.471418 0.018952 0.022511
0 0.113077 0.678736 0.086953 0.070562
1 0.475857 0.376178 0.031010 0.024835
1 0.493811 0.471089 0.031554 0.031152
1 0.632429 0.191672 0.029991 0.029711
0 0.243672 0.779792 0.038229 0.026367
0 0.161217 0.517921 0.029306 0.025877
1 0.570491 0.104445 0.027822 0.021835
1 0.097383 0.292233 0.018951 0.025574
1 0.224728 0.289771 0.017173 0.025623
0 0.509681 0.234081 0.150741 0.032842
1 0.449536 0.565187 0.016672 0.022470
0 0.496968 0.147524 0.126663 0.032278
1 0.334254 0.755320 0.015120 0.022316
1 0.277275 0.374577 0.028680 0.028608
1 0.249351 0.199861 0.015794 0.024356
1 0.140505 0.752561 0.017475 0.022325
1 0.304473 0.288855 0.016993 0.025337
1 0.140377 0.202864 0.018572 0.025361
1 0.470800 0.564902 0.020047 0.022312
1 0.213337 0.662793 0.017388 0.024734
1 0.315783 0.554359 0.018412 0.027272
1 0.545612 0.545715 0.014200 0.029629
1 0.079869 0.184547 0.015024 0.017234
1 0.624657 0.282360 0.015010 0.012604
1 0.356595 0.201834 0.017680 0.022066
1 0.423941 0.753665 0.020137 0.023922
1 0.537767 0.374784 0.012621 0.022301
1 0.224234 0.476805 0.018322 0.022121
1 0.102748 0.567266 0.015446 0.022074
1 0.447618 0.288710 0.017869 0.023061
1 0.158848 0.657185 0.016891 0.025363
1 0.148717 0.567412 0.017178 0.023299
1 0.584062 0.466576 0.015360 0.023118
1 0.269364 0.663593 0.017734 0.024634
1 0.217445 0.387171 0.030606 0.022898
1 0.093202 0.749841 0.013532 0.017866
1 0.207169 0.476496 0.015961 0.022494
1 0.263871 0.289073 0.016642 0.024060
1 0.442250 0.751252 0.013447 0.037472
1 0.496989 0.564134 0.016903 0.023651
1 0.191018 0.391658 0.021012 0.018927
1 0.272025 0.475211 0.016969 0.022502
0 0.481019 0.783276 0.055541 0.030632
1 0.441186 0.471106 0.010354 0.043677
1 0.561299 0.547463 0.019797 0.018922
1 0.086447 0.453253 0.015272 0.016216
1 0.113169 0.383305 0.012409 0.028398
1 0.591666 0.759509 0.020171 0.020631
1 0.087311 0.541847 0.015196 0.015303
1 0.562304 0.386103 0.022652 0.017815
1 0.622693 0.122139 0.016228 0.022018
1 0.651022 0.117646 0.016846 0.023018
1 0.363046 0.363994 0.014751 0.019558
1 0.165086 0.202363 0.015000 0.023444
0 0.264270 0.241827 0.061520 0.031544
1 0.086964 0.116456 0.009095 0.019208
1 0.407495 0.101242 0.014328 0.011288
1 0.516880 0.553391 0.019267 0.027465
1 0.410633 0.544811 0.014478 0.015937
1 0.295246 0.655779 0.018538 0.023167
1 0.097592 0.382934 0.018743 0.027032
1 0.529497 0.110310 0.018974 0.023230
1 0.123089 0.566533 0.016325 0.022358
1 0.087837 0.572110 0.013477 0.021016
0 0.485098 0.668836 0.041947 0.087899
1 0.363321 0.103503 0.014572 0.010734
1 0.353983 0.748380 0.014874 0.024164
1 0.498568 0.543132 0.016630 0.017480
0 0.223850 0.241576 0.027405 0.026643
1 0.665114 0.179008 0.024519 0.030334
1 0.454364 0.196134 0.016424 0.024957
1 0.248743 0.385278 0.021014 0.022064
1 0.309245 0.759374 0.017842 0.019300
1 0.498934 0.752834 0.022183 0.016716
1 0.080594 0.391237 0.012926 0.013239
1 0.693405 0.372142 0.017951 0.023365
1 0.091940 0.717562 0.014327 0.013487
1 0.258951 0.363356 0.015096 0.017195
1 0.123638 0.127896 0.015374 0.015141
0 0.674791 0.143893 0.038325 0.025957
1 0.666365 0.359365 0.015918 0.028071
1 0.109384 0.118313 0.010480 0.022928
1 0.203547 0.119744 0.020421 0.038058
1 0.413061 0.285472 0.025701 0.022481
1 0.447967 0.105822 0.018075 0.024142
1 0.646051 0.382871 0.024976 0.038377
1 0.401188 0.201212 0.016965 0.023953
1 0.275103 0.753680 0.014846 0.021326
1 0.550772 0.765790 0.018709 0.015247
1 0.081607 0.212977 0.010246 0.013417
1 0.460827 0.286281 0.010541 0.037108
1 0.675388 0.370587 0.014685 0.021136
1 0.330278 0.559438 0.011147 0.032564
1 0.681488 0.563490 0.027471 0.025571
1 0.299046 0.547222 0.012853 0.015376
1 0.249457 0.106141 0.014017 0.009618
1 0.183764 0.288710 0.014926 0.022323
1 0.223081 0.097115 0.016816 0.026309
1 0.080876 0.485902 0.013823 0.017545
1 0.594416 0.107627 0.014586 0.018950
1 0.079089 0.303507 0.017616 0.018352
1 0.148484 0.121274 0.014685 0.024344
1 0.481843 0.106242 0.017387 0.025511
0 0.644222 0.144294 0.013837 0.025043
1 0.403114 0.366369 0.009892 0.009061
1 0.655560 0.568777 0.021580 0.017078
1 0.291753 0.104810 0.012914 0.009165
1 0.431638 0.673531 0.019695 0.013248
1 0.680263 0.109508 0.013727 0.022718
1 0.440767 0.201012 0.012973 0.015457
0 0.501107 0.694043 0.022757 0.031271
2 0.383456 0.190890 0.610070 0.019816
2 0.395417 0.462980 0.622757 0.016468
2 0.393987 0.264968 0.628192 0.017971
2 0.358333 0.736766 0.532981 0.015590
2 0.395779 0.492852 0.617616 0.019710
2 0.384513 0.644001 0.604165 0.019545
2 0.397555 0.117314 0.630821 0.019193
2 0.394833 0.386871 0.618762 0.017803
2 0.391865 0.310148 0.612765 0.016408
2 0.395850 0.538379 0.628222 0.017647
2 0.392938 0.132024 0.624204 0.017946
2 0.386933 0.204011 0.612530 0.023349
2 0.389869 0.294808 0.618371 0.019458
2 0.385537 0.582632 0.610290 0.018976
2 0.389193 0.478347 0.612684 0.018755
2 0.388902 0.569172 0.617146 0.021151
2 0.379485 0.084048 0.618391 0.021814
2 0.381193 0.655573 0.605550 0.020679
2 0.395148 0.087534 0.628043 0.018455
2 0.394758 0.447426 0.628440 0.023771
2 0.381442 0.672231 0.593441 0.018589
2 0.376222 0.719101 0.577718 0.019159
2 0.388350 0.187414 0.609648 0.015092
2 0.386404 0.211534 0.615582 0.016078
2 0.428899 0.202417 0.470855 0.015348
2 0.429140 0.553299 0.471292 0.015394
2 0.387857 0.372202 0.606053 0.018374
2 0.383833 0.128623 0.616859 0.023301
2 0.383989 0.172881 0.615974 0.017506
2 0.383152 0.628084 0.610083 0.017337
2 0.428327 0.656670 0.469485 0.012528
2 0.413233 0.671676 0.470094 0.014925
2 0.382952 0.113629 0.631478 0.015565
2 0.383765 0.261151 0.634985 0.014629
2 0.428494 0.643252 0.469174 0.013430
2 0.385291 0.489060 0.632301 0.016803
2 0.388700 0.280553 0.610720 0.015953
2 0.428354 0.399827 0.469340 0.017021
2 0.429079 0.100483 0.470733 0.014469
2 0.392919 0.128519 0.609226 0.014430
2 0.381843 0.399269 0.468845 0.013799
2 0.387422 0.177093 0.602362 0.020595
2 0.429179 0.189254 0.471219 0.015436
1 0.097906 0.116277 0.012660 0.017047
1 0.136588 0.123367 0.010851 0.007329
1 0.607201 0.116357 0.006430 0.043972
1 0.587307 0.195220 0.006832 0.028677
1 0.314726 0.197052 0.015473 0.023738
1 0.521598 0.373975 0.019693 0.016569
1 0.397515 0.373179 0.010650 0.009559
1 0.142415 0.363779 0.010047 0.015932
1 0.621368 0.556156 0.019492 0.016728
1 0.534057 0.546756 0.008440 0.008444
1 0.529536 0.553925 0.007837 0.008444
1 0.146635 0.658677 0.008440 0.012108
1 0.200388 0.650871 0.010248 0.010196