0 0.207633 0.669496 0.035308 0.019721
0 0.736439 0.669113 0.047148 0.022033
0 0.286785 0.819379 0.041861 0.021143
0 0.536571 0.820542 0.032530 0.017807
0 0.499346 0.745759 0.045636 0.018576
0 0.575752 0.746392 0.074823 0.019147
0 0.850526 0.518653 0.079673 0.024990
0 0.222603 0.746774 0.071510 0.020253
0 0.602459 0.593317 0.068843 0.020967
0 0.594457 0.669398 0.070372 0.022524
0 0.411107 0.823554 0.112410 0.032205
0 0.427215 0.287296 0.066792 0.023288
0 0.411163 0.594645 0.097600 0.024058
0 0.332711 0.286108 0.110908 0.025455
0 0.195914 0.286151 0.037241 0.022502
0 0.230595 0.517526 0.097337 0.022241
0 0.228431 0.821217 0.071081 0.020928
0 0.671232 0.670100 0.075339 0.031004
0 0.331547 0.820027 0.038716 0.018471
0 0.824570 0.441828 0.044074 0.023644
0 0.545636 0.288043 0.037845 0.018459
0 0.820491 0.284344 0.068782 0.025289
0 0.608571 0.822688 0.108433 0.030496
0 0.442204 0.670677 0.119937 0.026827
0 0.749176 0.135072 0.087379 0.022750
0 0.545615 0.211431 0.081607 0.029968
0 0.327721 0.593329 0.058179 0.019978
0 0.491818 0.287723 0.058941 0.019897
0 0.573123 0.136839 0.060346 0.022067
1 0.669569 0.629314 0.022097 0.025936
0 0.399696 0.439041 0.102276 0.025649
0 0.509103 0.592118 0.094941 0.024246
0 0.852773 0.595954 0.062719 0.019354
0 0.341283 0.746134 0.150592 0.030045
0 0.302233 0.136816 0.074867 0.020860
0 0.501437 0.821612 0.028414 0.016945
1 0.716333 0.096678 0.011895 0.024092
0 0.239925 0.439653 0.128124 0.029321
0 0.655009 0.745675 0.027984 0.018377
0 0.239133 0.214998 0.117878 0.027834
0 0.501021 0.441041 0.085842 0.027159
0 0.601282 0.439268 0.078865 0.022232
0 0.848530 0.135987 0.048865 0.018432
1 0.645578 0.780139 0.012343 0.020762
0 0.443508 0.743660 0.041922 0.020441
0 0.245329 0.362986 0.130440 0.023274
0 0.709235 0.210512 0.047949 0.022156
0 0.333034 0.517172 0.030476 0.017465
1 0.774409 0.103804 0.013416 0.014896
0 0.811776 0.363019 0.058515 0.022464
0 0.671916 0.287199 0.137849 0.023547
1 0.326612 0.568202 0.022122 0.023868
0 0.768062 0.594505 0.025896 0.017913
0 0.192622 0.137963 0.024303 0.015749
0 0.476989 0.516205 0.043274 0.028765
1 0.467827 0.174008 0.021298 0.026234
0 0.428410 0.137195 0.159567 0.026774
0 0.656058 0.136311 0.093797 0.020154
0 0.420505 0.363974 0.098421 0.028467
0 0.582342 0.286841 0.031628 0.019902
0 0.865760 0.750696 0.052758 0.023242
1 0.273966 0.318955 0.022649 0.026804
0 0.303461 0.669142 0.151011 0.027626
0 0.728237 0.822877 0.087581 0.021973
1 0.355403 0.480991 0.021012 0.017057
0 0.370031 0.212459 0.056770 0.021004
1 0.331313 0.324731 0.024258 0.026245
0 0.831899 0.213125 0.121306 0.025799
1 0.589565 0.631584 0.021463 0.027474
1 0.568332 0.186574 0.014885 0.011371
1 0.416220 0.093325 0.012478 0.012762
0 0.639850 0.211933 0.061801 0.019917
1 0.579862 0.791911 0.016583 0.017089
1 0.421156 0.482173 0.032971 0.024797
1 0.815937 0.390786 0.012833 0.010343
0 0.880833 0.823596 0.060196 0.021788
0 0.751706 0.211646 0.035914 0.018575
1 0.505961 0.334529 0.012129 0.019147
1 0.308776 0.464641 0.021162 0.021341
1 0.488210 0.557766 0.024186 0.030306
0 0.720759 0.439532 0.154634 0.028648
1 0.671606 0.099768 0.018865 0.032136
0 0.861314 0.363161 0.036685 0.026427
1 0.796194 0.556127 0.012289 0.014322
1 0.404091 0.632869 0.020646 0.028593
0 0.519099 0.517533 0.033733 0.016859
1 0.640587 0.183349 0.021871 0.016537
1 0.211136 0.484714 0.021897 0.022941
1 0.228506 0.784311 0.015815 0.026266
1 0.453579 0.789461 0.012495 0.010834
1 0.179273 0.483084 0.016621 0.024916
0 0.796582 0.823424 0.040415 0.021436
0 0.546551 0.363334 0.092185 0.021013
1 0.745124 0.779611 0.026355 0.026510
0 0.751631 0.747034 0.057856 0.023503
0 0.330144 0.439749 0.040986 0.019638
1 0.175359 0.391650 0.014913 0.023924
1 0.196466 0.083491 0.022935 0.018843
1 0.699924 0.793557 0.014801 0.016853
0 0.800091 0.670291 0.038881 0.020498
1 0.735514 0.480571 0.023593 0.029935
1 0.836660 0.172798 0.012029 0.024497
1 0.751029 0.175421 0.018971 0.029313
1 0.302860 0.086915 0.021789 0.024449
0 0.416917 0.517232 0.028524 0.018237
1 0.769890 0.312295 0.011129 0.014972
1 0.814035 0.243677 0.015305 0.016085
1 0.790646 0.170429 0.015980 0.016898
1 0.331017 0.784775 0.023716 0.029640
1 0.328767 0.708397 0.017961 0.027514
1 0.248750 0.167901 0.015119 0.021498
1 0.717107 0.394976 0.015917 0.024483
1 0.546666 0.334149 0.023387 0.017661
1 0.588579 0.387335 0.022439 0.023288
1 0.175607 0.243173 0.015173 0.023592
0 0.660344 0.338665 0.082236 0.074708
1 0.854206 0.560766 0.022782 0.037062
1 0.656184 0.704720 0.023059 0.026864
1 0.536891 0.791165 0.015933 0.013614
1 0.207650 0.645656 0.019753 0.031871
1 0.177677 0.318541 0.014797 0.026128
1 0.222295 0.707548 0.018048 0.023900
1 0.441749 0.392068 0.016083 0.022469
1 0.873931 0.472770 0.017552 0.015310
1 0.213436 0.321208 0.018499 0.016470
1 0.889166 0.184397 0.012662 0.018839
1 0.661168 0.558123 0.050366 0.034970
1 0.373624 0.777275 0.017030 0.028599
1 0.638194 0.473412 0.023543 0.030477
1 0.834684 0.322635 0.020513 0.021653
0 0.259988 0.287507 0.027475 0.018052
0 0.201374 0.593529 0.026775 0.017333
1 0.545408 0.255993 0.018499 0.014031
1 0.206268 0.400828 0.016171 0.025939
1 0.521040 0.489445 0.017118 0.029521
1 0.662621 0.396289 0.015180 0.027005
1 0.870217 0.796299 0.020121 0.019981
0 0.881208 0.868189 0.074807 0.038057
1 0.786289 0.486908 0.014993 0.019005
1 0.767334 0.392574 0.014827 0.020264
1 0.205686 0.548651 0.017172 0.021635
1 0.482082 0.108399 0.021533 0.019553
1 0.400374 0.391078 0.017411 0.020038
1 0.587541 0.243751 0.025402 0.042121
1 0.285468 0.782994 0.014961 0.020905
1 0.833905 0.472578 0.014876 0.014781
1 0.299365 0.174296 0.009756 0.020296
1 0.288117 0.714637 0.015395 0.014733
1 0.221196 0.555850 0.010911 0.026155
1 0.209945 0.240557 0.026264 0.016307
1 0.399045 0.569425 0.020424 0.038142
1 0.628351 0.234576 0.018645 0.021271
1 0.193906 0.256365 0.015040 0.015149
0 0.698737 0.593799 0.035530 0.017793
1 0.418905 0.169100 0.020714 0.024994
1 0.543313 0.717632 0.016773 0.013839
1 0.254082 0.623560 0.012486 0.022453
1 0.733785 0.248113 0.010527 0.022796
1 0.396566 0.339175 0.016501 0.014479
1 0.532876 0.186994 0.016390 0.013874
1 0.494333 0.390360 0.016408 0.016755
1 0.628817 0.119041 0.013681 0.016037
1 0.385446 0.719167 0.015263 0.015631
1 0.264667 0.556863 0.020271 0.027141
1 0.711199 0.197476 0.015459 0.017788
1 0.437874 0.731561 0.014168 0.013135
1 0.742098 0.554866 0.019362 0.023702
1 0.503340 0.631744 0.011321 0.030474
1 0.526021 0.566194 0.014860 0.020974
0 0.421184 0.216106 0.043835 0.023555
1 0.261094 0.396115 0.014880 0.017438
1 0.845125 0.089796 0.014659 0.022972
1 0.205246 0.167078 0.015537 0.019834
1 0.718284 0.242711 0.020777 0.025106
1 0.867147 0.321794 0.015344 0.020479
1 0.177016 0.089428 0.015417 0.024524
1 0.663173 0.505202 0.013504 0.015459
1 0.542661 0.381478 0.026351 0.019188
1 0.333085 0.625252 0.016307 0.013328
1 0.445904 0.622811 0.016630 0.021238
1 0.368045 0.393749 0.016136 0.023515
1 0.258329 0.242809 0.016170 0.020563
1 0.179827 0.700322 0.018691 0.023786
1 0.748594 0.709399 0.020851 0.030428
1 0.285233 0.168898 0.021905 0.022464
1 0.491822 0.233769 0.021289 0.016685
0 0.680400 0.516770 0.071859 0.022309
1 0.346068 0.235024 0.028710 0.022022
1 0.431384 0.779745 0.016905 0.026339
1 0.333170 0.397413 0.016535 0.017757
1 0.891255 0.699291 0.015557 0.023966
1 0.295353 0.242655 0.017302 0.021848
1 0.633762 0.792376 0.012063 0.014638
1 0.675864 0.240634 0.014459 0.020045
1 0.178109 0.548729 0.022945 0.024682
1 0.577421 0.117815 0.016986 0.014454
1 0.368913 0.171544 0.018398 0.017286
1 0.705981 0.505166 0.015233 0.013929
1 0.293211 0.631202 0.017312 0.023302
1 0.908446 0.701046 0.013406 0.015947
1 0.622569 0.553803 0.026858 0.026440
1 0.778305 0.629920 0.019811 0.019704
1 0.400261 0.086998 0.014870 0.012978
1 0.180751 0.782154 0.019426 0.030300
1 0.597212 0.696285 0.027107 0.016257
0 0.760830 0.516024 0.096537 0.026995
1 0.838150 0.788264 0.015779 0.028708
1 0.800431 0.786451 0.011244 0.025629
1 0.484665 0.623136 0.026486 0.020076
1 0.705886 0.561551 0.014373 0.009603
1 0.503748 0.784085 0.019004 0.031892
1 0.581483 0.551995 0.014466 0.018764
1 0.332733 0.479013 0.017320 0.016320
1 0.360705 0.087798 0.014740 0.013141
1 0.717229 0.317468 0.016605 0.024603
1 0.767130 0.246041 0.014650 0.021037
1 0.874688 0.709261 0.019620 0.032362
1 0.850695 0.637833 0.010528 0.025585
1 0.740313 0.639049 0.014352 0.012065
1 0.254843 0.485434 0.013743 0.012511
1 0.617685 0.703195 0.017100 0.023563
1 0.524535 0.388393 0.014608 0.012392
1 0.441660 0.230696 0.012231 0.012603
1 0.181524 0.622866 0.018660 0.023449
1 0.778801 0.554571 0.020989 0.027046
1 0.884666 0.238374 0.017260 0.021414
0 0.424818 0.219308 0.049574 0.030137
0 0.725967 0.515811 0.165591 0.029556
1 0.736767 0.313856 0.014696 0.014571
1 0.813006 0.630344 0.019045 0.024792
1 0.509152 0.710392 0.011002 0.033683
1 0.852738 0.717399 0.009313 0.021425
1 0.902373 0.392932 0.013529 0.024129
1 0.487909 0.504778 0.017936 0.012913
1 0.685119 0.187964 0.013909 0.036705
0 0.819599 0.722103 0.044838 0.077944
1 0.899707 0.321999 0.012406 0.021404
1 0.497233 0.712403 0.012677 0.033545
1 0.840038 0.701474 0.015916 0.027749
1 0.175987 0.166492 0.014190 0.023213
1 0.881558 0.086561 0.012904 0.016912
0 0.431850 0.223609 0.060820 0.038405
1 0.424173 0.231907 0.023212 0.025172
1 0.452572 0.237351 0.009512 0.011097
1 0.898067 0.797782 0.015318 0.021254
1 0.870501 0.107521 0.011492 0.031743
1 0.899989 0.470324 0.012267 0.024085
2 0.749292 0.482304 0.278030 0.010720
2 0.748426 0.457584 0.284429 0.011386
2 0.748760 0.469498 0.280373 0.011167
2 0.747732 0.495716 0.276752 0.011421
2 0.355792 0.482019 0.354927 0.010134
2 0.372447 0.496127 0.375335 0.012626
2 0.355511 0.469619 0.358257 0.010585
2 0.369956 0.457383 0.373188 0.011737
2 0.479854 0.710857 0.603561 0.014343
2 0.535697 0.093244 0.721803 0.019051
2 0.537057 0.168062 0.727240 0.019282
2 0.539180 0.243203 0.731975 0.019041
2 0.541641 0.789822 0.723643 0.016265
2 0.533703 0.118304 0.716501 0.019360
2 0.543835 0.393508 0.737274 0.018872
2 0.536636 0.193271 0.724129 0.019113
2 0.545660 0.318289 0.741766 0.018845
2 0.528433 0.766262 0.707426 0.017926
2 0.484478 0.688102 0.618321 0.016758
2 0.539094 0.268733 0.730452 0.018774
2 0.540327 0.635090 0.738207 0.018605
2 0.524047 0.611924 0.712060 0.020929
2 0.526054 0.574054 0.716516 0.019178
2 0.522760 0.537041 0.715557 0.021212
2 0.536670 0.559835 0.732728 0.019162
2 0.525133 0.623226 0.711088 0.017039
2 0.544075 0.343683 0.739736 0.018556
2 0.485825 0.724846 0.627488 0.018342
2 0.537132 0.418335 0.721108 0.018397
2 0.877488 0.715054 0.068261 0.008198
2 0.520949 0.778242 0.696664 0.018578
2 0.584615 0.393414 0.561191 0.013245
2 0.531549 0.335019 0.736652 0.015991
2 0.506022 0.698768 0.553351 0.013611
2 0.874921 0.727239 0.068632 0.009045
2 0.873828 0.702026 0.075411 0.009703
2 0.525592 0.257299 0.732998 0.017581
2 0.528859 0.635681 0.723435 0.013122
2 0.528990 0.157475 0.715389 0.021158
2 0.531246 0.382921 0.739231 0.017273
2 0.523812 0.107597 0.723723 0.017619
2 0.526419 0.232276 0.733895 0.017503
2 0.529774 0.422334 0.725451 0.014878
2 0.584113 0.406011 0.559198 0.012751
2 0.404528 0.496068 0.320660 0.010493
2 0.585133 0.318351 0.561738 0.013321
2 0.520580 0.164558 0.721257 0.022147
2 0.530751 0.575746 0.723279 0.013209
2 0.527658 0.089107 0.720455 0.020842
2 0.526908 0.271701 0.725128 0.014602
2 0.530744 0.611593 0.724617 0.013999
2 0.584795 0.382175 0.561337 0.013557
2 0.526335 0.081616 0.715628 0.020944
2 0.565545 0.801385 0.560115 0.013490
2 0.522794 0.264867 0.722593 0.022796
2 0.585224 0.650154 0.562261 0.016521
2 0.869483 0.713234 0.081841 0.007873
2 0.526750 0.189458 0.715422 0.016890
2 0.536980 0.724291 0.720574 0.013974
2 0.585146 0.560655 0.560472 0.013039
2 0.478301 0.331040 0.474601 0.009912
2 0.528748 0.406989 0.737630 0.018399
2 0.584229 0.419705 0.557887 0.013039
2 0.534676 0.785370 0.723710 0.019931
2 0.585183 0.306530 0.561253 0.013301
2 0.585255 0.548167 0.559934 0.013936
2 0.584686 0.330484 0.559937 0.013182
2 0.345744 0.497067 0.342165 0.009593
2 0.566532 0.243069 0.562296 0.012997
2 0.566435 0.255495 0.561998 0.012997
2 0.584563 0.167854 0.561426 0.014474
2 0.519714 0.111395 0.717878 0.023320
1 0.212085 0.081058 0.008470 0.013167
1 0.227492 0.076748 0.025229 0.018673
1 0.236773 0.071542 0.009911 0.009935
1 0.434819 0.096858 0.020724 0.029685
1 0.449866 0.104578 0.009010 0.008738
1 0.504469 0.099790 0.025229 0.025735
1 0.725942 0.096319 0.009371 0.013287
1 0.736754 0.103980 0.011533 0.014484
1 0.787933 0.087282 0.024148 0.016040
1 0.805232 0.081895 0.011533 0.022264
1 0.849383 0.171909 0.010452 0.012927
1 0.860826 0.178672 0.010993 0.012808
1 0.663951 0.174123 0.024148 0.026214
1 0.581507 0.171131 0.020363 0.023820
1 0.484286 0.173285 0.010812 0.012329
1 0.494918 0.178432 0.009371 0.012329
1 0.435270 0.169395 0.011894 0.013646
1 0.447343 0.174183 0.011173 0.011970
1 0.309936 0.174961 0.011353 0.012090
1 0.321199 0.180587 0.011533 0.014723
1 0.329128 0.171849 0.011894 0.014723
1 0.228123 0.239718 0.011713 0.029326
1 0.371477 0.231399 0.021264 0.020349
1 0.460769 0.232177 0.009551 0.014962
1 0.745404 0.248097 0.012975 0.012090
1 0.756847 0.254141 0.008470 0.012688
1 0.813432 0.315547 0.022165 0.018194
1 0.759550 0.305911 0.009551 0.014005
1 0.746575 0.307647 0.011353 0.029685
1 0.456534 0.328295 0.020904 0.030523
1 0.474014 0.325123 0.011533 0.012688
1 0.485817 0.329970 0.010632 0.012808
1 0.496540 0.336793 0.009371 0.013287
1 0.349582 0.325781 0.010993 0.012329
1 0.361746 0.331287 0.011173 0.015680
1 0.291555 0.319138 0.010632 0.013406
1 0.303539 0.324823 0.011533 0.011132
1 0.832984 0.385570 0.024508 0.017237
1 0.841183 0.379765 0.009551 0.010653
1 0.851996 0.388503 0.009911 0.010893
1 0.863349 0.394907 0.010993 0.012449
1 0.847491 0.474446 0.010632 0.016399
1 0.445091 0.491144 0.015318 0.025855
1 0.379676 0.477858 0.031536 0.028249
1 0.284257 0.474027 0.029554 0.018194
1 0.266327 0.478815 0.010632 0.008379
1 0.233529 0.553328 0.013515 0.014244
1 0.246594 0.559133 0.012254 0.013406
1 0.281013 0.564998 0.012975 0.017955
1 0.681881 0.557098 0.011353 0.011252
1 0.719094 0.545846 0.024148 0.018912
1 0.806854 0.560928 0.009010 0.012927
1 0.817396 0.561766 0.011353 0.026094
1 0.894074 0.577327 0.009371 0.030164
1 0.888037 0.627361 0.010272 0.019152
1 0.828929 0.630832 0.012074 0.012927
1 0.840102 0.637057 0.010632 0.014364
1 0.755405 0.622334 0.025769 0.017715
1 0.687378 0.629695 0.009010 0.013287
1 0.698280 0.637236 0.010993 0.015202
1 0.709002 0.643281 0.011173 0.011491
1 0.515912 0.630234 0.011353 0.013167
1 0.528346 0.636338 0.013876 0.011730
1 0.540420 0.637775 0.010272 0.025137
1 0.242179 0.626284 0.010272 0.011491
1 0.522940 0.705644 0.013155 0.011970
1 0.583219 0.713185 0.015498 0.014843
1 0.674132 0.705045 0.010993 0.012688
1 0.685305 0.711509 0.008470 0.013167
1 0.694586 0.712107 0.011533 0.022743
1 0.812260 0.784824 0.011894 0.011132
1 0.824785 0.792066 0.012795 0.012927
1 0.768831 0.776745 0.020543 0.018194
1 0.657283 0.782849 0.011173 0.012449
1 0.667915 0.789433 0.010452 0.012927
1 0.678728 0.796614 0.011173 0.012209
1 0.469959 0.778181 0.025409 0.019391