0 0.741520 0.216426 0.146771 0.033390
0 0.799005 0.651908 0.114318 0.028376
0 0.743314 0.564702 0.035551 0.024462
0 0.372635 0.646037 0.077299 0.032534
0 0.752038 0.304489 0.078767 0.029477
0 0.547456 0.215081 0.145466 0.035592
0 0.624185 0.738014 0.063112 0.036693
0 0.703115 0.737402 0.078115 0.027153
0 0.566699 0.473275 0.065232 0.028987
0 0.840427 0.302715 0.098663 0.027642
0 0.733447 0.476150 0.054631 0.026174
0 0.857143 0.215509 0.072081 0.026419
0 0.474723 0.476700 0.102414 0.031923
0 0.494863 0.391084 0.124755 0.032167
0 0.711921 0.651296 0.049413 0.022994
0 0.452218 0.734467 0.126549 0.032779
0 0.673842 0.303938 0.074690 0.027886
0 0.547293 0.736729 0.054142 0.023850
0 0.831132 0.477434 0.134540 0.033146
0 0.394896 0.560727 0.062459 0.031189
0 0.859915 0.739726 0.051533 0.024706
0 0.376386 0.301798 0.070124 0.028498
1 0.742585 0.513909 0.015425 0.025558
0 0.411040 0.389066 0.042890 0.029843
0 0.365052 0.390472 0.047456 0.027275
0 0.598663 0.301125 0.072733 0.027886
0 0.449364 0.561705 0.046151 0.024340
0 0.348663 0.560421 0.030333 0.027153
0 0.573182 0.391389 0.029761 0.033757
1 0.400459 0.354800 0.016133 0.032290
0 0.649706 0.650563 0.049576 0.024217
0 0.435828 0.299413 0.041585 0.026419
0 0.364237 0.212818 0.040933 0.025930
0 0.809279 0.564151 0.034736 0.025563
0 0.378425 0.441952 0.108774 0.084599
0 0.818249 0.388271 0.047782 0.032901
1 0.455153 0.359528 0.020874 0.030455
0 0.413160 0.213491 0.060502 0.024095
0 0.645793 0.215325 0.047619 0.023361
0 0.643904 0.391512 0.113640 0.037427
0 0.863992 0.565986 0.071102 0.026052
1 0.411448 0.614270 0.025672 0.047234
1 0.506197 0.366194 0.019896 0.017857
2 0.616601 0.495041 0.573712 0.009903
0 0.753017 0.390166 0.085290 0.030088
1 0.909294 0.530786 0.011579 0.034177
2 0.627202 0.142323 0.554142 0.013684
1 0.701936 0.363307 0.007900 0.048648
0 0.458170 0.211228 0.024625 0.026419
0 0.509377 0.302287 0.105186 0.028253
0 0.362198 0.732204 0.052511 0.033146
1 0.890248 0.542932 0.018917 0.027646
1 0.518754 0.170277 0.017286 0.031170
1 0.447525 0.452966 0.025591 0.034299
1 0.493558 0.186427 0.017449 0.034792
1 0.851272 0.539120 0.017613 0.035187
2 0.619945 0.668509 0.571265 0.013523
1 0.610812 0.702035 0.019985 0.017555
1 0.606847 0.594321 0.019492 0.043153
1 0.823175 0.712525 0.021853 0.037271
2 0.527361 0.324093 0.377854 0.011546
1 0.908633 0.420527 0.012231 0.027096
1 0.854448 0.697236 0.019569 0.035430
0 0.771200 0.736913 0.050554 0.030822
0 0.861546 0.390227 0.044031 0.026296
1 0.620678 0.508164 0.021526 0.042080
1 0.698793 0.710748 0.029028 0.044294
1 0.386171 0.594606 0.019569 0.029477
1 0.492166 0.608586 0.018603 0.043249
1 0.479778 0.366250 0.017613 0.035581
1 0.505062 0.683158 0.026277 0.034124
1 0.779968 0.716819 0.018917 0.030565
1 0.661693 0.352091 0.017776 0.036618
1 0.528076 0.611214 0.027622 0.054535
0 0.548108 0.650563 0.075342 0.028376
1 0.622238 0.335539 0.016492 0.038192
1 0.438112 0.713607 0.019406 0.028975
1 0.605632 0.172606 0.018428 0.032724
1 0.895303 0.263415 0.010437 0.029678
1 0.892939 0.157354 0.028300 0.026174
1 0.828162 0.619796 0.050266 0.041348
0 0.685747 0.566230 0.045988 0.028743
1 0.415607 0.701321 0.020711 0.028865
1 0.760918 0.626761 0.019552 0.037769
1 0.837290 0.158189 0.021037 0.041426
1 0.886368 0.621430 0.013209 0.026954
0 0.487688 0.649523 0.045173 0.024584
1 0.862035 0.162140 0.017286 0.037587
1 0.865541 0.282683 0.020385 0.030875
1 0.742743 0.252385 0.022016 0.027275
0 0.569093 0.561489 0.180316 0.030074
1 0.534358 0.370893 0.017776 0.026581
1 0.479253 0.693372 0.018260 0.041298
1 0.583429 0.601795 0.030296 0.040373
1 0.534573 0.528131 0.016634 0.034247
1 0.433315 0.601478 0.015329 0.015612
1 0.856534 0.415247 0.019468 0.030591
1 0.807971 0.276583 0.017442 0.034331
1 0.606083 0.341131 0.013862 0.033045
1 0.354443 0.618597 0.019063 0.035011
1 0.907165 0.697260 0.013209 0.029160
1 0.576234 0.425828 0.024678 0.049778
0 0.817189 0.739604 0.035225 0.023239
1 0.814102 0.535393 0.024420 0.036365
1 0.584964 0.345107 0.018265 0.037083
1 0.334466 0.678818 0.012720 0.033330
2 0.618558 0.580831 0.569145 0.013414
1 0.523119 0.257711 0.022505 0.034748
1 0.752974 0.169041 0.021526 0.034022
1 0.406123 0.200400 0.016634 0.016145
1 0.503343 0.526847 0.018102 0.034369
1 0.788079 0.162767 0.020711 0.035602
1 0.459936 0.159994 0.039877 0.030778
1 0.460753 0.690998 0.018375 0.032682
1 0.676037 0.512293 0.016250 0.017461
1 0.553301 0.612465 0.026110 0.040554
1 0.587041 0.505357 0.016797 0.032671
1 0.580316 0.173616 0.029191 0.042927
1 0.681588 0.360060 0.024625 0.039347
1 0.792332 0.539020 0.015947 0.044932
1 0.562296 0.521666 0.017613 0.036238
1 0.620760 0.269116 0.017123 0.033340
2 0.663589 0.407830 0.472077 0.010647
1 0.642286 0.344248 0.015166 0.039278
1 0.535532 0.432505 0.011935 0.059166
1 0.775685 0.268897 0.020711 0.039018
1 0.880828 0.702859 0.017613 0.030229
1 0.586960 0.269189 0.019569 0.034162
1 0.481246 0.247554 0.022831 0.032045
1 0.649354 0.621841 0.013477 0.015356
1 0.510460 0.416125 0.038764 0.032224
2 0.615016 0.234156 0.576321 0.014789
1 0.394080 0.248899 0.019733 0.033268
1 0.914727 0.167986 0.022505 0.023728
1 0.641780 0.179190 0.017449 0.032779
1 0.364644 0.266555 0.018917 0.036780
1 0.725130 0.177091 0.019733 0.033242
1 0.545011 0.683560 0.044276 0.033683
0 0.326076 0.517429 0.030822 0.070572
1 0.364702 0.349900 0.015315 0.040728
1 0.550473 0.165153 0.021363 0.038721
0 0.315387 0.695888 0.050244 0.299799
1 0.783714 0.421668 0.022994 0.040440
1 0.380106 0.500801 0.015594 0.016557
1 0.709026 0.624110 0.027830 0.040858
1 0.695042 0.266023 0.016308 0.031800
1 0.817107 0.420318 0.020385 0.037554
1 0.337492 0.573829 0.011905 0.028222
1 0.734326 0.424229 0.026210 0.052269
0 0.325826 0.181571 0.043966 0.177202
1 0.690802 0.179939 0.020548 0.037961
0 0.323222 0.321551 0.040117 0.102740
0 0.322848 0.373501 0.035321 0.086044
1 0.474070 0.441201 0.020222 0.038714
1 0.343770 0.259785 0.015329 0.033023
1 0.629506 0.611437 0.026934 0.054086
1 0.756491 0.434802 0.007437 0.063736
1 0.612746 0.427724 0.040997 0.026425
1 0.341632 0.169712 0.020418 0.038176
1 0.364207 0.193869 0.018405 0.029549
1 0.439984 0.267202 0.016967 0.039470
1 0.659263 0.270437 0.018405 0.036451
1 0.341344 0.338270 0.011791 0.031059
1 0.707577 0.352505 0.004601 0.071176
1 0.426899 0.408044 0.011503 0.030843
1 0.556022 0.409769 0.016104 0.013157
1 0.658401 0.412250 0.016680 0.013804
1 0.672791 0.413210 0.016703 0.018786
1 0.341200 0.490651 0.008627 0.029117
1 0.356874 0.500896 0.015817 0.033647
1 0.447030 0.507475 0.024157 0.048960
1 0.505265 0.606797 0.005464 0.072901
1 0.733171 0.607984 0.010353 0.069235
1 0.373841 0.722189 0.019843 0.020706
1 0.712609 0.696199 0.008340 0.055862
2 0.624898 0.158928 0.554166 0.011431
2 0.622166 0.175428 0.549277 0.010784
2 0.622166 0.190957 0.544675 0.009059
2 0.621015 0.247898 0.558479 0.010353
2 0.619721 0.264290 0.553590 0.010784
2 0.617852 0.279712 0.552728 0.011000
2 0.526545 0.338378 0.370690 0.009706
2 0.524964 0.354878 0.370977 0.009490
2 0.526833 0.370083 0.375866 0.009706
2 0.664296 0.422603 0.477094 0.009059
2 0.663433 0.438563 0.473068 0.009059
2 0.665015 0.455279 0.475656 0.009706
2 0.620153 0.509847 0.560780 0.012294
2 0.620009 0.526347 0.562218 0.010784
2 0.619434 0.542092 0.558192 0.010784
2 0.616989 0.595150 0.563656 0.014235
2 0.613826 0.611434 0.564231 0.014451
2 0.612244 0.627503 0.560492 0.014667
2 0.619577 0.682934 0.574009 0.012078
2 0.620009 0.699110 0.571996 0.012510
2 0.616845 0.715287 0.572571 0.013804
1 0.823507 0.272581 0.013000 0.016935
1 0.832915 0.282203 0.011974 0.016165
1 0.415136 0.354813 0.012852 0.016964
1 0.426445 0.363102 0.013366 0.016964
1 0.628088 0.418043 0.013109 0.013494
1 0.699158 0.408693 0.033414 0.028338
1 0.713424 0.404163 0.012595 0.015422
1 0.873941 0.416983 0.013880 0.017157
1 0.890006 0.431923 0.017221 0.017350
1 0.756506 0.518504 0.013366 0.015808
1 0.767815 0.528239 0.014908 0.017157
1 0.778868 0.535468 0.013880 0.015036
1 0.703942 0.503757 0.043953 0.031422
1 0.722963 0.496720 0.015679 0.015036
1 0.403984 0.492865 0.033157 0.030073
1 0.418635 0.488624 0.013109 0.013494
1 0.450121 0.596096 0.023647 0.024868
1 0.468756 0.587999 0.014651 0.031422
1 0.671942 0.612675 0.032386 0.029495
1 0.685693 0.608626 0.011567 0.013687
1 0.851737 0.610554 0.012595 0.013302
1 0.639041 0.687182 0.044210 0.024675
1 0.669628 0.703086 0.015936 0.055327
1 0.565530 0.678122 0.009253 0.012338
1 0.572984 0.690267 0.015422 0.015808
1 0.583908 0.698845 0.013109 0.019470