0 0.720771 0.289427 0.060945 0.036123
0 0.525498 0.748899 0.120647 0.042291
0 0.783582 0.750661 0.106965 0.037004
0 0.652363 0.515419 0.138060 0.040529
0 0.435945 0.402643 0.135572 0.042291
1 0.316005 0.342731 0.015094 0.031718
1 0.747883 0.348018 0.018155 0.031718
0 0.537935 0.629515 0.167910 0.041410
1 0.340781 0.131718 0.029576 0.051982
0 0.700050 0.628634 0.151344 0.034361
0 0.529229 0.518943 0.108209 0.038767
1 0.701493 0.441410 0.022388 0.033480
0 0.376866 0.627313 0.146766 0.031718
0 0.813433 0.182379 0.047264 0.029956
1 0.550200 0.205680 0.043793 0.020172
0 0.515547 0.295154 0.060945 0.029956
0 0.447139 0.511454 0.055970 0.032599
0 0.613184 0.291630 0.057214 0.029956
1 0.430970 0.562996 0.023632 0.033480
1 0.663557 0.209692 0.036070 0.026432
0 0.566542 0.400441 0.118159 0.036123
1 0.450871 0.472247 0.036070 0.026432
0 0.516169 0.180176 0.087065 0.029075
0 0.291667 0.184581 0.055970 0.034361
0 0.657960 0.743172 0.144279 0.043172
0 0.434080 0.740088 0.062189 0.037004
0 0.759328 0.404405 0.048507 0.028194
1 0.626866 0.687665 0.022388 0.034361
1 0.294154 0.352863 0.033582 0.048458
1 0.713930 0.566960 0.022388 0.034361
1 0.396144 0.351542 0.021144 0.033480
1 0.292910 0.563436 0.021144 0.036123
0 0.276119 0.622907 0.037313 0.031718
1 0.662313 0.443172 0.033582 0.035242
1 0.788273 0.126872 0.016844 0.033480
1 0.784826 0.441850 0.032338 0.029075
0 0.701493 0.180617 0.101990 0.037004
1 0.303483 0.114097 0.037313 0.034361
0 0.605721 0.185022 0.092040 0.035242
0 0.669154 0.401322 0.089552 0.034361
1 0.747436 0.568020 0.018595 0.014171
0 0.285448 0.399559 0.046020 0.029075
1 0.543532 0.449780 0.022388 0.032599
1 0.797264 0.237004 0.019900 0.031718
0 0.746891 0.516300 0.046020 0.028194
1 0.548507 0.365639 0.057214 0.022907
1 0.414179 0.131718 0.024876 0.036123
2 0.551649 0.546400 0.567164 0.009190
1 0.684174 0.318324 0.030040 0.028719
1 0.497512 0.362555 0.037313 0.032599
1 0.432214 0.702643 0.026119 0.032599
1 0.709577 0.697357 0.031095 0.016740
1 0.816542 0.440969 0.021144 0.030837
0 0.427239 0.182819 0.088308 0.032599
1 0.467040 0.372247 0.023632 0.014978
1 0.498756 0.455947 0.024876 0.029075
1 0.347637 0.682379 0.031095 0.036123
1 0.436567 0.358150 0.034826 0.029075
1 0.483831 0.571806 0.042289 0.031718
0 0.806592 0.516300 0.073383 0.028194
0 0.662935 0.291630 0.047264 0.029956
1 0.635034 0.337190 0.017948 0.011931
1 0.708955 0.221145 0.037313 0.031718
1 0.740743 0.210558 0.028750 0.028164
1 0.274254 0.116300 0.023632 0.021145
1 0.593905 0.582379 0.026119 0.015859
1 0.741294 0.441410 0.022388 0.031718
1 0.617537 0.237004 0.023632 0.033480
0 0.340174 0.180617 0.026119 0.024670
1 0.452736 0.141850 0.034826 0.033480
1 0.606343 0.456828 0.021144 0.030837
1 0.718905 0.453304 0.014925 0.057269
1 0.385572 0.571366 0.019900 0.032599
1 0.488545 0.223750 0.034507 0.020679
0 0.404229 0.291189 0.097015 0.030837
1 0.644900 0.144934 0.013682 0.037885
1 0.268035 0.566520 0.026119 0.031718
0 0.397388 0.512775 0.038557 0.026432
1 0.662313 0.696035 0.021144 0.033480
1 0.538557 0.143172 0.037313 0.034361
1 0.657047 0.116867 0.015587 0.011200
1 0.371269 0.701762 0.018657 0.030837
2 0.519176 0.318831 0.549751 0.012665
1 0.837065 0.674449 0.039801 0.023789
1 0.733209 0.689427 0.013682 0.053744
1 0.800373 0.566520 0.021144 0.035242
1 0.416833 0.240088 0.041956 0.037885
0 0.798507 0.627753 0.047264 0.030837
1 0.743159 0.121586 0.021144 0.028194
1 0.670398 0.557709 0.022388 0.033480
1 0.498756 0.151982 0.022388 0.016740
1 0.273632 0.155507 0.022388 0.020264
2 0.598848 0.213125 0.477612 0.010770
1 0.541045 0.582379 0.029851 0.015859
0 0.799129 0.292070 0.028607 0.025551
1 0.853234 0.144053 0.034826 0.016740
1 0.637438 0.559471 0.021144 0.035242
1 0.628109 0.151101 0.019900 0.016740
0 0.372512 0.741410 0.043532 0.027313
1 0.848259 0.435683 0.037313 0.020264
1 0.617537 0.574449 0.008706 0.056388
2 0.608241 0.431947 0.439055 0.008723
1 0.587687 0.145374 0.048507 0.022907
1 0.264303 0.375330 0.026119 0.022907
1 0.347015 0.569163 0.029851 0.015859
1 0.621269 0.364758 0.013682 0.040529
1 0.361318 0.230837 0.026119 0.017621
1 0.562811 0.696476 0.031095 0.013216
1 0.404229 0.474890 0.019900 0.028194
0 0.809701 0.362115 0.052239 0.024670
1 0.494403 0.695595 0.031095 0.014978
1 0.357917 0.270760 0.025460 0.021696
1 0.633085 0.234802 0.009950 0.036123
2 0.552861 0.098866 0.588308 0.014473
1 0.390547 0.265198 0.022388 0.015859
2 0.592843 0.678077 0.506219 0.011221
1 0.726368 0.340529 0.014925 0.022026
1 0.601368 0.373568 0.023632 0.014097
1 0.779851 0.699119 0.029851 0.014978
1 0.397388 0.448458 0.023632 0.021145
1 0.838308 0.264317 0.034826 0.017621
1 0.265784 0.335077 0.018067 0.023458
0 0.806592 0.331718 0.053483 0.030837
0 0.803483 0.405727 0.044776 0.022026
1 0.815620 0.567864 0.013682 0.037004
2 0.550014 0.564325 0.562189 0.011023
0 0.809374 0.383537 0.049751 0.020963
2 0.584148 0.659469 0.487649 0.010324
1 0.808458 0.235242 0.009950 0.035242
1 0.324692 0.123706 0.006213 0.038453
1 0.282835 0.334964 0.010791 0.027797
2 0.554741 0.118494 0.574879 0.013667
2 0.553106 0.135635 0.568993 0.010424
2 0.553106 0.153588 0.567685 0.010192
2 0.596925 0.228640 0.470237 0.009266
2 0.598887 0.248445 0.479393 0.007644
2 0.596108 0.266629 0.474488 0.007876
2 0.521714 0.335658 0.506208 0.012045
2 0.513048 0.353147 0.509805 0.011814
2 0.519752 0.372837 0.505554 0.012740
2 0.608861 0.449511 0.430669 0.011350
2 0.610660 0.468390 0.437536 0.011119
2 0.613276 0.486110 0.438844 0.009034
2 0.552943 0.582126 0.554932 0.013435
2 0.552289 0.601584 0.553624 0.010656
2 0.586788 0.695515 0.478085 0.013667
2 0.586461 0.714973 0.487895 0.012277
1 0.362456 0.121560 0.012872 0.033504
1 0.372634 0.120818 0.012872 0.011239
1 0.382363 0.133117 0.016764 0.013359
1 0.663606 0.107564 0.017662 0.013147
1 0.686207 0.095053 0.042508 0.019509
1 0.709257 0.108200 0.013770 0.011875
1 0.721980 0.117637 0.014668 0.013359
1 0.804152 0.126437 0.014968 0.011451
1 0.813432 0.137782 0.014968 0.010815
1 0.756106 0.219422 0.014668 0.010815
1 0.765985 0.230555 0.017063 0.012299
1 0.522311 0.230131 0.020057 0.013147
1 0.528747 0.221861 0.019159 0.008906
1 0.571854 0.220058 0.015566 0.008694
1 0.576793 0.229389 0.015267 0.010391
1 0.470972 0.238189 0.018560 0.009754
1 0.454657 0.238295 0.031432 0.030324
1 0.331473 0.341565 0.014369 0.012511
1 0.342549 0.352591 0.016764 0.012087
1 0.643250 0.328099 0.018261 0.011027
1 0.659714 0.326827 0.019458 0.032656
1 0.702073 0.328736 0.016764 0.011027
1 0.711652 0.338490 0.013172 0.011027
1 0.759249 0.348138 0.013172 0.011239
1 0.769577 0.358211 0.018261 0.012723
1 0.759549 0.557859 0.016764 0.012087
1 0.774816 0.561252 0.017362 0.042623