1 0.122641 0.094947 0.018746 0.012829
1 0.122833 0.114704 0.017598 0.016421
1 0.153055 0.114447 0.026015 0.023606
1 0.182704 0.106365 0.017981 0.020270
1 0.212353 0.110984 0.017598 0.021810
1 0.233394 0.106365 0.020659 0.018731
1 0.249845 0.103799 0.013772 0.020270
1 0.277772 0.094819 0.020659 0.019757
1 0.318324 0.103543 0.022189 0.015652
1 0.345054 0.100815 0.022189 0.011803
1 0.482063 0.102901 0.023719 0.016421
1 0.512668 0.100848 0.020659 0.015395
1 0.636237 0.105082 0.025249 0.016165
1 0.661296 0.106108 0.018746 0.019244
1 0.751390 0.109829 0.026015 0.018987
1 0.821974 0.100335 0.024867 0.015395
1 0.152673 0.175771 0.030605 0.022066
1 0.180983 0.183982 0.020659 0.015395
1 0.222300 0.185521 0.024484 0.021040
1 0.255494 0.177431 0.019308 0.014096
1 0.282210 0.184623 0.029535 0.017704
1 0.321385 0.185906 0.023719 0.015138
1 0.474794 0.180261 0.022954 0.014625
1 0.497557 0.175386 0.024867 0.014112
1 0.549968 0.183571 0.021042 0.014061
1 0.575983 0.176412 0.023337 0.014112
1 0.617109 0.181031 0.024484 0.014112
1 0.673346 0.181031 0.029840 0.014625
1 0.744313 0.185649 0.024102 0.018731
1 0.161140 0.258922 0.020557 0.013377
1 0.225846 0.254286 0.025454 0.014369
1 0.299961 0.257844 0.024485 0.014814
1 0.334775 0.265319 0.024484 0.014882
1 0.752346 0.260187 0.024867 0.015908
1 0.810688 0.258006 0.026780 0.015652
1 0.171036 0.345117 0.026015 0.014369
1 0.202980 0.332159 0.024102 0.015138
1 0.332862 0.329978 0.022954 0.015395
1 0.612518 0.340883 0.026015 0.015138
1 0.655748 0.333185 0.022954 0.016678
1 0.779700 0.325616 0.019893 0.017448
1 0.800550 0.328823 0.021041 0.014625
1 0.818913 0.325616 0.019511 0.014369
1 0.237411 0.414138 0.026397 0.026685
1 0.499087 0.404644 0.021806 0.015395
1 0.545760 0.408236 0.011860 0.013342
1 0.699935 0.407082 0.022571 0.015652
1 0.805141 0.412598 0.025632 0.015395
1 0.157072 0.476231 0.033283 0.019500
1 0.244106 0.471484 0.024484 0.024889
1 0.271460 0.470843 0.028693 0.022579
1 0.465804 0.484442 0.020276 0.014369
1 0.544230 0.484570 0.030223 0.014625
1 0.605441 0.483929 0.021806 0.016421
1 0.688649 0.491369 0.026780 0.014882
1 0.746608 0.495603 0.023337 0.017704
1 0.196094 0.555644 0.018746 0.015652
1 0.482446 0.554489 0.022189 0.015395
1 0.504443 0.551154 0.024102 0.016935
1 0.569926 0.546920 0.025504 0.014625
1 0.607736 0.554104 0.025632 0.014112
1 0.812409 0.562058 0.027162 0.018217
1 0.839572 0.568858 0.024102 0.015395
1 0.294031 0.630053 0.021806 0.015652
1 0.572731 0.634030 0.022954 0.016421
1 0.596642 0.643524 0.022571 0.014369
1 0.683484 0.637238 0.024102 0.017704
1 0.849327 0.641215 0.026015 0.015908
1 0.449927 0.725887 0.023719 0.012829
1 0.547673 0.710877 0.021806 0.018731
1 0.847606 0.717677 0.023337 0.014369
1 0.298431 0.783747 0.025249 0.016165
1 0.350077 0.775023 0.022954 0.014625
1 0.451840 0.779770 0.024484 0.015908
1 0.553412 0.767069 0.023337 0.019244
1 0.833068 0.777589 0.024102 0.016678
1 0.134163 0.112479 0.008745 0.058652
1 0.293358 0.093746 0.009816 0.008259
1 0.303531 0.099492 0.011601 0.008259
1 0.373759 0.107272 0.007139 0.026214
1 0.429174 0.108110 0.013742 0.017356
1 0.527422 0.100748 0.008567 0.011012
1 0.551069 0.112299 0.015527 0.017117
1 0.606841 0.116309 0.014635 0.018434
1 0.676266 0.105716 0.010351 0.017117
1 0.685904 0.105417 0.009637 0.008858
1 0.696701 0.110683 0.011244 0.008139
1 0.707320 0.110085 0.012136 0.016040
1 0.719099 0.109846 0.010708 0.008858
1 0.728826 0.115471 0.011244 0.009097
1 0.785579 0.110025 0.014813 0.016638
1 0.881864 0.106494 0.006068 0.055779
1 0.894000 0.095601 0.017847 0.012688
1 0.874368 0.180946 0.006068 0.062004
1 0.889092 0.181605 0.022309 0.016877
1 0.851346 0.183939 0.011779 0.018912
1 0.825735 0.183520 0.013385 0.016399
1 0.781564 0.184837 0.011065 0.015920
1 0.714994 0.185914 0.011779 0.017356
1 0.697504 0.186452 0.013921 0.019631
1 0.653511 0.186931 0.010173 0.009336
1 0.533668 0.186632 0.011065 0.008499
1 0.524477 0.177296 0.010173 0.008738
1 0.514840 0.174722 0.009102 0.010055
1 0.456569 0.176877 0.013921 0.015561
1 0.337083 0.183221 0.005890 0.056737
1 0.349576 0.173764 0.017669 0.010533
1 0.302103 0.186273 0.008388 0.012329
1 0.240352 0.184178 0.010887 0.009097
1 0.196092 0.182981 0.009459 0.011012
1 0.127024 0.169455 0.011958 0.012688
1 0.126578 0.189804 0.011065 0.017715
1 0.135501 0.186632 0.006068 0.055420
1 0.128452 0.243608 0.014456 0.011611
1 0.137821 0.261922 0.007853 0.058772
1 0.128541 0.263478 0.013564 0.014962
1 0.147459 0.265334 0.009994 0.007661
1 0.176192 0.259588 0.010351 0.008618
1 0.186454 0.264675 0.010887 0.008020
1 0.203052 0.260426 0.010887 0.015800
1 0.243386 0.252227 0.009102 0.012090
1 0.254273 0.255279 0.011958 0.008858
1 0.264803 0.259588 0.011244 0.008379
1 0.282115 0.262581 0.012671 0.008139
1 0.316113 0.259229 0.007496 0.011491
1 0.363854 0.255818 0.008031 0.027172
1 0.389375 0.257075 0.012671 0.018194
1 0.413201 0.257673 0.008210 0.057455
1 0.650656 0.239000 0.011958 0.010055
1 0.650656 0.258391 0.012314 0.016279
1 0.658955 0.257434 0.005354 0.057695
1 0.668324 0.268685 0.010530 0.017715
1 0.686885 0.272157 0.013028 0.018673
1 0.715797 0.269164 0.013028 0.016758
1 0.782278 0.255818 0.014635 0.016399
1 0.844831 0.256356 0.007317 0.056737
1 0.861518 0.261264 0.026057 0.014603
1 0.860804 0.337691 0.027127 0.014962
1 0.843671 0.331288 0.006425 0.059849
1 0.834302 0.333263 0.010887 0.016399
1 0.753901 0.325123 0.011422 0.016638
1 0.765858 0.325123 0.009994 0.019032
1 0.728826 0.329133 0.009459 0.027291
1 0.704108 0.342898 0.014278 0.015561
1 0.686617 0.342958 0.012850 0.017596
1 0.635129 0.342719 0.011244 0.015920
1 0.568738 0.334400 0.014099 0.017237
1 0.527957 0.340085 0.011779 0.014962
1 0.508950 0.331587 0.014813 0.017596
1 0.478789 0.335896 0.013028 0.016159
1 0.453446 0.340564 0.016241 0.015441
1 0.397317 0.335477 0.015348 0.017237
1 0.357251 0.335417 0.014099 0.015680
1 0.311384 0.326739 0.013742 0.016040
1 0.263107 0.330928 0.012850 0.017237
1 0.239014 0.327637 0.013921 0.017835
1 0.149600 0.347148 0.012493 0.016159
1 0.139963 0.336614 0.006425 0.057814
1 0.130682 0.338110 0.011065 0.015561
1 0.129701 0.318899 0.012314 0.011371
1 0.201714 0.408972 0.012136 0.011012
1 0.202606 0.428004 0.010351 0.016518
1 0.210905 0.408074 0.008031 0.055660
1 0.282828 0.408014 0.011601 0.016518
1 0.309510 0.408373 0.013207 0.015800
1 0.335656 0.407655 0.013028 0.016518
1 0.361802 0.407416 0.013207 0.016997
1 0.388572 0.407595 0.013564 0.017356
1 0.430334 0.396942 0.011779 0.015680
1 0.470490 0.407476 0.013921 0.017835
1 0.522603 0.407296 0.012493 0.015800
1 0.545269 0.394728 0.007139 0.013646
1 0.561956 0.414179 0.014813 0.016638
1 0.595419 0.404842 0.014278 0.018553
1 0.622190 0.408493 0.016776 0.018434
1 0.669574 0.405261 0.013742 0.015800
1 0.721508 0.418069 0.013742 0.017715
1 0.762378 0.412144 0.014456 0.017356
1 0.786115 0.408433 0.011958 0.016877
1 0.840459 0.422976 0.014992 0.016758
1 0.874279 0.422617 0.011601 0.015561
1 0.884363 0.406638 0.006782 0.056139
1 0.897391 0.400234 0.019632 0.011012
1 0.842779 0.481988 0.007853 0.059370
1 0.814938 0.499524 0.013207 0.016638
1 0.789149 0.499165 0.011958 0.017117
1 0.770588 0.494377 0.012314 0.015920
1 0.711871 0.503115 0.014456 0.016399
1 0.636200 0.493359 0.013385 0.016758
1 0.576234 0.493419 0.011958 0.015441
1 0.518498 0.495155 0.012850 0.014843
1 0.501901 0.485639 0.007853 0.008020
1 0.501722 0.472532 0.009280 0.019631
1 0.481287 0.483963 0.010173 0.010893
1 0.436045 0.482646 0.013921 0.016399
1 0.394015 0.485639 0.012314 0.016159
1 0.129612 0.485579 0.014278 0.011491
1 0.129255 0.505329 0.014278 0.015561
1 0.140409 0.484920 0.005890 0.056139
1 0.184224 0.483424 0.013207 0.017715
1 0.210905 0.482048 0.013385 0.017835
1 0.294518 0.480551 0.013207 0.016279
1 0.328160 0.482467 0.013028 0.015800
1 0.354484 0.482167 0.011779 0.016159
1 0.372242 0.472771 0.013028 0.019870
1 0.129344 0.559074 0.015527 0.011730
1 0.128541 0.579362 0.014992 0.014484
1 0.139784 0.558655 0.005711 0.057814
1 0.147816 0.556799 0.010351 0.015800
1 0.159059 0.557099 0.011422 0.015920
1 0.170214 0.553268 0.011601 0.018793
1 0.181547 0.558655 0.010351 0.017356
1 0.211530 0.557817 0.011065 0.015680
1 0.221345 0.558535 0.006068 0.057096
1 0.238657 0.567572 0.024986 0.014364
1 0.362605 0.557637 0.010530 0.013885
1 0.362337 0.575771 0.011779 0.014244
1 0.370725 0.556201 0.005711 0.057695
1 0.380005 0.573677 0.012136 0.016518
1 0.399637 0.573078 0.011779 0.015082
1 0.425694 0.565537 0.013921 0.016279
1 0.462637 0.561108 0.014992 0.018194
1 0.528136 0.556919 0.014278 0.016758
1 0.552586 0.552370 0.010351 0.010294
1 0.638163 0.559792 0.014099 0.017237
1 0.670466 0.558834 0.012671 0.016997
1 0.702858 0.559552 0.013207 0.015082
1 0.765412 0.559193 0.014813 0.014843
1 0.791112 0.560330 0.013028 0.016399
1 0.875528 0.557099 0.007317 0.060208
1 0.891858 0.571702 0.025343 0.014723
1 0.891501 0.633466 0.026414 0.016399
1 0.875617 0.634244 0.004997 0.059370
1 0.826360 0.651181 0.013207 0.015920
1 0.807174 0.650882 0.011244 0.009336
1 0.797983 0.642443 0.012136 0.009217
1 0.786829 0.641187 0.012314 0.018673
1 0.761753 0.640229 0.012850 0.015800
1 0.727933 0.635441 0.012671 0.017715
1 0.645480 0.644359 0.013028 0.017356
1 0.622368 0.652797 0.012493 0.014843
1 0.560885 0.631371 0.006603 0.059131
1 0.552675 0.641785 0.012314 0.015800
1 0.553122 0.623411 0.012136 0.013765
1 0.539647 0.645137 0.015527 0.010055
1 0.528493 0.630952 0.007853 0.057575
1 0.519837 0.648488 0.010530 0.016518
1 0.503150 0.647890 0.013207 0.016518
1 0.461209 0.648428 0.013207 0.015202
1 0.436045 0.643341 0.014278 0.016279
1 0.409364 0.644119 0.012671 0.016877
1 0.384735 0.635501 0.013385 0.015202
1 0.342616 0.640468 0.012314 0.017237
1 0.317095 0.630952 0.012314 0.015920
1 0.266409 0.641486 0.013742 0.016399
1 0.224558 0.636099 0.014278 0.016877
1 0.197787 0.645615 0.012850 0.016997
1 0.147013 0.656987 0.011601 0.014603
1 0.137732 0.635321 0.006246 0.059131
1 0.128630 0.635501 0.011244 0.010414
1 0.128541 0.656209 0.011422 0.018074
1 0.130415 0.700497 0.014099 0.011132
1 0.130504 0.720188 0.012850 0.015561
1 0.140141 0.710552 0.007139 0.057336
1 0.156025 0.717375 0.014278 0.016638
1 0.176996 0.716836 0.012671 0.014124
1 0.193772 0.710492 0.007674 0.028249
1 0.210102 0.705465 0.011779 0.017955
1 0.225629 0.704507 0.012493 0.018434
1 0.241156 0.709594 0.010351 0.018314
1 0.258110 0.702412 0.011779 0.019511
1 0.273013 0.711150 0.010530 0.016399
1 0.289253 0.715699 0.013028 0.016159
1 0.296928 0.708936 0.006960 0.063201
1 0.312990 0.708038 0.025164 0.014484
1 0.424534 0.697864 0.013385 0.011371
1 0.425158 0.717794 0.012850 0.016518
1 0.435331 0.706542 0.006782 0.056976
1 0.478521 0.718213 0.014635 0.017356
1 0.512966 0.715280 0.014992 0.016758
1 0.578554 0.710073 0.010530 0.018553
1 0.627811 0.710372 0.012314 0.016279
1 0.661275 0.709654 0.014635 0.015082
1 0.695452 0.715639 0.013385 0.017237
1 0.750956 0.725335 0.012671 0.017715
1 0.776745 0.721265 0.013564 0.017476
1 0.825110 0.715759 0.013921 0.015082
1 0.874814 0.707799 0.006960 0.059011
1 0.891858 0.722821 0.026771 0.014603
1 0.891144 0.780815 0.026057 0.014484
1 0.876421 0.783029 0.005890 0.058413
1 0.804586 0.776685 0.012850 0.016997
1 0.778440 0.786082 0.013385 0.017117
1 0.709551 0.777643 0.011958 0.017476
1 0.684476 0.767289 0.012493 0.014723
1 0.659133 0.782550 0.012493 0.015561
1 0.588637 0.766391 0.014992 0.016997
1 0.480841 0.781473 0.012493 0.016279
1 0.421946 0.781892 0.012493 0.015920
1 0.381076 0.780336 0.013921 0.016159
1 0.321021 0.783388 0.013028 0.016040
1 0.268997 0.793084 0.011779 0.016758
1 0.236426 0.796615 0.013028 0.017117
1 0.197966 0.796256 0.014992 0.015441
1 0.156739 0.797333 0.012136 0.017117
1 0.130772 0.786560 0.013028 0.016399
1 0.131039 0.766870 0.012850 0.010294
1 0.141658 0.783328 0.008388 0.056378