0 0.556748 0.807101 0.058537 0.021718
1 0.306179 0.217667 0.027642 0.026842
0 0.604390 0.728770 0.024390 0.016837
0 0.629756 0.648121 0.040650 0.023426
1 0.652846 0.296242 0.018537 0.026354
0 0.545528 0.171547 0.074472 0.029771
0 0.490244 0.170571 0.036098 0.021474
0 0.679350 0.568814 0.040325 0.021962
0 0.309756 0.168985 0.071870 0.025622
0 0.389431 0.810029 0.078374 0.026110
0 0.802276 0.647023 0.050081 0.023182
1 0.205691 0.531967 0.023089 0.026842
0 0.617073 0.490483 0.048455 0.020986
1 0.447317 0.143363 0.019837 0.024158
1 0.470704 0.774646 0.012627 0.023182
0 0.616260 0.170937 0.066992 0.026110
0 0.478049 0.808443 0.094959 0.023426
0 0.363415 0.653490 0.067967 0.023426
0 0.333659 0.732918 0.044228 0.022206
0 0.326016 0.571376 0.084228 0.026598
1 0.528130 0.123719 0.025366 0.025378
1 0.450894 0.768546 0.027642 0.025622
0 0.232846 0.167155 0.081301 0.027330
0 0.407805 0.168741 0.123577 0.029527
0 0.218374 0.574671 0.075122 0.033675
0 0.260000 0.412274 0.075772 0.024158
0 0.211220 0.737555 0.064065 0.030503
0 0.428455 0.410200 0.118699 0.028795
0 0.384390 0.492557 0.044878 0.021230
0 0.714797 0.646169 0.124878 0.027330
0 0.800488 0.250732 0.066016 0.027574
1 0.420622 0.612128 0.019781 0.026598
0 0.290569 0.731210 0.037398 0.024158
1 0.670569 0.139946 0.026016 0.031479
1 0.488780 0.128721 0.018211 0.024646
0 0.754634 0.329795 0.112195 0.024158
0 0.685366 0.489751 0.087480 0.023914
0 0.332358 0.811859 0.036423 0.022938
0 0.758374 0.569790 0.115772 0.026842
0 0.566829 0.223158 0.046829 0.024158
0 0.339350 0.330039 0.092033 0.025622
0 0.714146 0.170449 0.122276 0.030991
0 0.459187 0.729990 0.071545 0.027086
0 0.392033 0.249634 0.108293 0.026842
0 0.773821 0.801367 0.112846 0.026354
1 0.653892 0.471015 0.010302 0.008921
0 0.348455 0.492191 0.025691 0.018058
0 0.472033 0.649707 0.145366 0.034407
0 0.553333 0.329795 0.096585 0.024646
1 0.694472 0.772938 0.025041 0.030015
0 0.771870 0.412884 0.066016 0.025866
1 0.541267 0.772717 0.019263 0.024402
0 0.803902 0.172279 0.057236 0.022450
1 0.244176 0.379598 0.022439 0.027818
0 0.504390 0.412762 0.030569 0.018790
0 0.723089 0.411176 0.029593 0.020498
0 0.553008 0.251830 0.086829 0.026842
1 0.624553 0.706564 0.020488 0.024158
1 0.424390 0.380185 0.025366 0.025866
1 0.560325 0.296242 0.017561 0.025866
0 0.769268 0.490117 0.080976 0.023670
0 0.650569 0.327965 0.094634 0.025866
1 0.712660 0.297348 0.021785 0.027086
0 0.251057 0.812958 0.119024 0.027574
1 0.465366 0.617618 0.023415 0.025378
0 0.780325 0.724988 0.070569 0.023426
1 0.369106 0.770620 0.026667 0.024890
1 0.387664 0.774890 0.013052 0.026110
1 0.606504 0.130796 0.026016 0.022938
0 0.632358 0.727062 0.030894 0.020254
1 0.379675 0.632992 0.017236 0.024402
1 0.601789 0.470351 0.027642 0.021230
1 0.752033 0.546242 0.030244 0.020742
1 0.446504 0.706198 0.024715 0.015617
0 0.686179 0.197901 0.080000 0.024890
1 0.250894 0.129819 0.024390 0.023914
1 0.220650 0.122743 0.018537 0.026354
0 0.254797 0.655808 0.140813 0.032455
1 0.254309 0.215715 0.021463 0.022450
1 0.297102 0.686582 0.011450 0.026546
1 0.487305 0.521085 0.026661 0.018058
1 0.720488 0.548682 0.019187 0.024158
0 0.480976 0.250732 0.056585 0.025622
1 0.791870 0.548072 0.018211 0.024402
1 0.704228 0.137018 0.026341 0.034895
1 0.310894 0.760737 0.025366 0.019766
1 0.225551 0.532390 0.015858 0.024273
0 0.203252 0.414470 0.037073 0.028062
1 0.642485 0.780381 0.020660 0.017570
0 0.609919 0.250366 0.030894 0.032211
1 0.701138 0.615422 0.027317 0.026354
1 0.399350 0.217545 0.026016 0.024158
0 0.621951 0.225476 0.065366 0.021962
1 0.765470 0.458760 0.018094 0.024890
1 0.370407 0.229868 0.021463 0.024890
1 0.251557 0.779893 0.021164 0.028795
1 0.651532 0.372164 0.025159 0.020485
1 0.680976 0.548316 0.019512 0.022450
0 0.770081 0.225354 0.094309 0.026110
1 0.732358 0.142631 0.018862 0.023670
1 0.288455 0.772938 0.022114 0.030015
0 0.506829 0.199122 0.091382 0.025378
0 0.516098 0.224866 0.053333 0.024646
1 0.209756 0.620791 0.014959 0.028306
1 0.580217 0.531384 0.013747 0.021499
0 0.265203 0.250366 0.144065 0.037579
1 0.360945 0.374688 0.017748 0.030870
1 0.754309 0.624939 0.015935 0.023426
1 0.295935 0.124085 0.028618 0.028551
1 0.406430 0.528436 0.023551 0.029451
0 0.599187 0.197901 0.094634 0.024890
1 0.761138 0.137872 0.021138 0.024402
0 0.773984 0.197047 0.096260 0.028551
1 0.218537 0.793558 0.020163 0.023914
1 0.274649 0.459279 0.017026 0.025134
0 0.689106 0.226452 0.066992 0.021962
1 0.307387 0.384700 0.018721 0.023182
1 0.679837 0.307223 0.019837 0.021962
1 0.744553 0.469131 0.021138 0.019766
1 0.564065 0.137140 0.019837 0.027818
1 0.305528 0.539043 0.018537 0.026354
1 0.275122 0.539287 0.022764 0.025378
1 0.693647 0.454792 0.018189 0.017930
0 0.693984 0.405564 0.025366 0.031235
1 0.530894 0.309053 0.028293 0.021230
1 0.324065 0.538677 0.016585 0.027086
0 0.575610 0.651171 0.061789 0.015373
1 0.313496 0.309175 0.019512 0.024890
0 0.592358 0.412762 0.079024 0.026598
1 0.205448 0.696834 0.020488 0.015740
1 0.541991 0.453156 0.028960 0.028306
1 0.668618 0.787945 0.018862 0.019522
1 0.711382 0.781113 0.015285 0.021474
1 0.546752 0.355051 0.017391 0.030747
1 0.323902 0.128721 0.018211 0.026110
0 0.474797 0.225598 0.027967 0.017326
1 0.329595 0.693875 0.024392 0.029039
0 0.215935 0.305515 0.148293 0.087360
1 0.439512 0.218033 0.018537 0.024158
1 0.292195 0.631894 0.019187 0.023182
1 0.329548 0.381337 0.013004 0.017814
1 0.593176 0.611248 0.015990 0.027005
1 0.630894 0.471449 0.019512 0.022450
1 0.784390 0.704368 0.018211 0.023182
1 0.567270 0.539409 0.018631 0.025622
0 0.444065 0.333089 0.120000 0.018058
1 0.373792 0.449732 0.026933 0.019034
1 0.719779 0.382077 0.022486 0.033919
1 0.269919 0.389336 0.020813 0.015373
1 0.462764 0.531601 0.027317 0.018302
1 0.414959 0.788189 0.019512 0.024402
1 0.491707 0.626769 0.020813 0.015373
1 0.629106 0.135798 0.015935 0.024158
1 0.602439 0.711811 0.016585 0.018058
1 0.485348 0.689517 0.017867 0.028620
1 0.357561 0.616642 0.022439 0.022938
0 0.419350 0.493777 0.026992 0.015373
1 0.382026 0.696354 0.008456 0.020164
1 0.420650 0.216691 0.015285 0.022938
1 0.623720 0.765983 0.018822 0.030259
1 0.638211 0.631833 0.017886 0.016228
0 0.206992 0.493533 0.035447 0.021230
1 0.369919 0.514763 0.019187 0.029527
1 0.572033 0.781723 0.020163 0.016349
1 0.343740 0.473036 0.028618 0.025622
1 0.447711 0.448082 0.025584 0.017381
1 0.619837 0.549048 0.017561 0.015617
1 0.576538 0.295510 0.017467 0.025378
1 0.350244 0.526842 0.024065 0.031235
1 0.385854 0.530015 0.015285 0.021474
1 0.248458 0.539043 0.009232 0.023914
1 0.630569 0.308199 0.018211 0.020010
1 0.506667 0.787213 0.017561 0.021962
1 0.420488 0.129087 0.016260 0.024890
1 0.334309 0.769644 0.016260 0.022938
1 0.762602 0.386652 0.024065 0.024158
1 0.790894 0.150561 0.016911 0.023914
1 0.531156 0.696559 0.016712 0.026598
1 0.586667 0.366032 0.028618 0.022938
1 0.808957 0.613057 0.018031 0.029527
1 0.728943 0.625061 0.017886 0.022206
1 0.680359 0.692350 0.016680 0.023914
1 0.549780 0.618106 0.006878 0.015129
1 0.413306 0.459180 0.017137 0.024646
1 0.637073 0.552831 0.014959 0.017326
1 0.217774 0.372385 0.012117 0.027330
1 0.788732 0.371851 0.022792 0.023747
1 0.620813 0.382626 0.018862 0.016105
0 0.650244 0.412030 0.031545 0.022206
0 0.712683 0.251830 0.110244 0.027330
1 0.241603 0.620547 0.013613 0.028795
0 0.628455 0.570034 0.060163 0.021474
1 0.788618 0.626403 0.022114 0.021962
1 0.372520 0.129453 0.017886 0.025622
1 0.768446 0.298438 0.020794 0.018058
1 0.499810 0.373229 0.014364 0.024642
1 0.229544 0.452187 0.011143 0.025134
1 0.186179 0.692899 0.012033 0.009517
1 0.677236 0.631284 0.018537 0.015617
0 0.624878 0.806003 0.027642 0.015617
1 0.473002 0.295731 0.023828 0.023670
0 0.645203 0.250366 0.034472 0.021962
1 0.494697 0.442554 0.026793 0.015903
1 0.410830 0.689902 0.016256 0.025378
0 0.525203 0.726574 0.022114 0.020742
1 0.559675 0.369204 0.017561 0.015617
1 0.278211 0.217179 0.022439 0.015617
1 0.516098 0.377013 0.019512 0.015617
0 0.331870 0.413006 0.066016 0.016349
1 0.222427 0.215593 0.013634 0.025134
0 0.692195 0.803441 0.045854 0.020254
1 0.420976 0.298194 0.019837 0.028306
1 0.335428 0.309175 0.018499 0.022450
1 0.751220 0.305271 0.020163 0.016105
0 0.695122 0.728038 0.095935 0.016837
1 0.468780 0.712299 0.017236 0.018058
1 0.436467 0.296143 0.016449 0.025866
1 0.203740 0.475842 0.017236 0.016593
0 0.242764 0.491581 0.033496 0.018302
1 0.714814 0.691153 0.019869 0.016214
1 0.744553 0.771474 0.025041 0.030991
1 0.809593 0.150073 0.016585 0.022938
1 0.603740 0.378599 0.016585 0.024158
0 0.268943 0.574061 0.027967 0.015373
0 0.534472 0.412518 0.027642 0.017326
0 0.510894 0.491215 0.156748 0.017570
1 0.349219 0.700578 0.013883 0.028993
1 0.468344 0.388482 0.017664 0.015129
0 0.387642 0.732796 0.066341 0.016105
0 0.269919 0.490239 0.018862 0.019522
1 0.395907 0.457434 0.016911 0.021718
1 0.402764 0.395193 0.015285 0.016837
0 0.254797 0.735237 0.024390 0.015129
1 0.448130 0.389946 0.018862 0.019522
1 0.744615 0.692213 0.026667 0.020484
1 0.542313 0.513971 0.011577 0.031556
1 0.337886 0.615910 0.020163 0.017570
0 0.672195 0.411664 0.016260 0.018546
1 0.444228 0.551245 0.014309 0.022450
1 0.185366 0.612982 0.011707 0.011225
1 0.255985 0.687164 0.016181 0.014764
1 0.375199 0.306613 0.027795 0.016837
1 0.240848 0.674987 0.017939 0.028795
1 0.694901 0.702172 0.015308 0.015861
1 0.536575 0.623086 0.019533 0.023426
0 0.510732 0.571376 0.290407 0.022694
1 0.838435 0.763109 0.013822 0.027330
0 0.596098 0.805515 0.022764 0.018058
1 0.214797 0.453026 0.019837 0.015373
1 0.789268 0.778551 0.017561 0.017814
1 0.396423 0.129331 0.016260 0.025866
1 0.398517 0.306911 0.019512 0.016349
1 0.185691 0.535017 0.013659 0.015861
1 0.643837 0.684205 0.025622 0.018302
0 0.904878 0.443753 0.076423 0.043680
1 0.185854 0.773426 0.013333 0.010493
1 0.527967 0.523426 0.023740 0.034651
1 0.830894 0.388116 0.018862 0.014397
1 0.807642 0.776842 0.019187 0.016349
1 0.197398 0.193753 0.022114 0.013177
1 0.327480 0.217667 0.011707 0.011713
1 0.225248 0.680443 0.011170 0.010732
0 0.657724 0.804783 0.032195 0.018058
1 0.188503 0.373361 0.008875 0.015633
1 0.797748 0.450342 0.021511 0.025622
1 0.583492 0.772229 0.007310 0.015129
1 0.514985 0.629575 0.009830 0.008511
1 0.515580 0.450182 0.014634 0.025378
1 0.468263 0.454200 0.014959 0.018790
1 0.810855 0.384983 0.010002 0.008132
1 0.304228 0.705466 0.010732 0.010249
1 0.770244 0.768424 0.018537 0.027818
1 0.249357 0.470376 0.008957 0.008980
1 0.192683 0.128477 0.014634 0.013909
1 0.510009 0.700331 0.008925 0.007788
1 0.267480 0.620425 0.015935 0.027574
1 0.523507 0.623524 0.007770 0.008812
1 0.608952 0.624741 0.017561 0.018058
1 0.824553 0.770620 0.015285 0.025378
1 0.819678 0.443038 0.022681 0.015803
1 0.834472 0.291484 0.025366 0.019766
0 0.560163 0.703148 0.061463 0.074427
0 0.305366 0.464739 0.050732 0.082723
1 0.301789 0.267082 0.029919 0.015861
0 0.305366 0.491459 0.055935 0.027818
1 0.470184 0.687036 0.010287 0.010481
1 0.815692 0.306437 0.014309 0.015129
1 0.765041 0.385310 0.020488 0.020986
1 0.192033 0.452660 0.015285 0.012689
1 0.198596 0.098613 0.026637 0.012166
1 0.827549 0.117659 0.014862 0.009414
1 0.194060 0.221940 0.013704 0.013759
1 0.237296 0.215712 0.014090 0.023898
1 0.300124 0.290737 0.013125 0.012311
1 0.349537 0.310797 0.011581 0.009269
1 0.354266 0.321804 0.012546 0.008400
1 0.452899 0.296530 0.014090 0.024477
1 0.495170 0.296458 0.019495 0.026070
1 0.595733 0.295806 0.018723 0.022160
1 0.731425 0.293634 0.014476 0.017525
1 0.783637 0.295517 0.008493 0.009125
1 0.788559 0.290809 0.007914 0.008400
1 0.800719 0.293127 0.016021 0.027519
1 0.806317 0.375755 0.012546 0.017525
1 0.815968 0.392918 0.010616 0.009559
1 0.738374 0.376407 0.012160 0.017091
1 0.692435 0.396974 0.014090 0.016222
1 0.671203 0.375321 0.010616 0.013759
1 0.674581 0.385966 0.010037 0.008400
1 0.675836 0.393135 0.006756 0.007676
1 0.533098 0.358447 0.009651 0.008400
1 0.528466 0.365110 0.009651 0.008400
1 0.486098 0.381476 0.017951 0.025781
1 0.376656 0.388935 0.016407 0.015208
1 0.349440 0.372931 0.009072 0.008111
1 0.342492 0.378290 0.009072 0.008980
1 0.319329 0.377638 0.007142 0.007966
1 0.294526 0.386183 0.008879 0.008545
1 0.287288 0.391759 0.009458 0.006662
1 0.199464 0.379521 0.008300 0.008545
1 0.207764 0.371410 0.009072 0.007387
1 0.192709 0.346426 0.020267 0.011587
1 0.193384 0.427896 0.023548 0.011442
1 0.238261 0.450852 0.008686 0.008690
1 0.240288 0.458094 0.008879 0.008690
1 0.255343 0.465263 0.008879 0.007676
1 0.262003 0.459470 0.008686 0.007676
1 0.426069 0.457804 0.007142 0.008111
1 0.431377 0.465408 0.010037 0.008835
1 0.567552 0.457008 0.020267 0.022160
1 0.661842 0.463525 0.008107 0.008835
1 0.673520 0.459108 0.012546 0.025491
1 0.713957 0.458528 0.021232 0.024332
1 0.781514 0.457297 0.010423 0.020132
1 0.841929 0.442814 0.017758 0.009704
1 0.822916 0.525225 0.015249 0.011442
1 0.597084 0.536594 0.018723 0.022594
1 0.553462 0.538043 0.009072 0.008980
1 0.553076 0.525297 0.009072 0.008690
1 0.507233 0.520445 0.012353 0.015208
1 0.423849 0.534350 0.010423 0.018394
1 0.429350 0.545429 0.009458 0.009269
1 0.433114 0.552092 0.007721 0.008400
1 0.256791 0.538333 0.007528 0.008111
1 0.261424 0.544705 0.010616 0.010718
1 0.237586 0.531525 0.007721 0.008690
1 0.238937 0.539202 0.008493 0.008400
1 0.187883 0.506686 0.022583 0.013759
1 0.190199 0.586200 0.024127 0.012311
1 0.251387 0.617702 0.009072 0.008400
1 0.255633 0.625668 0.008686 0.008111
1 0.437843 0.607781 0.013318 0.016077
1 0.561665 0.619440 0.015055 0.014773
1 0.572957 0.615602 0.008300 0.009414
1 0.579712 0.610388 0.008300 0.007676
1 0.823399 0.607998 0.010423 0.028967
1 0.821179 0.696492 0.016793 0.008980
1 0.732873 0.687295 0.014669 0.010863
1 0.709325 0.701996 0.011195 0.014484
1 0.664544 0.692582 0.014283 0.021146
1 0.517946 0.693596 0.012546 0.009559
1 0.502408 0.707500 0.010809 0.009559
1 0.496810 0.688237 0.009651 0.007821
1 0.498451 0.695913 0.009072 0.007821
1 0.427034 0.686064 0.011774 0.015642
1 0.399722 0.690989 0.007721 0.009269
1 0.392580 0.696058 0.007721 0.008980
1 0.367295 0.697072 0.020846 0.023753
1 0.303791 0.691423 0.009651 0.010428
1 0.280918 0.690409 0.011774 0.008980
1 0.288446 0.684471 0.010230 0.007821
1 0.217994 0.687368 0.010616 0.008111
1 0.187015 0.667381 0.020074 0.012456
1 0.187208 0.748271 0.018916 0.012890
1 0.268469 0.778107 0.011195 0.022739
1 0.397116 0.774124 0.006370 0.007821
1 0.398274 0.781873 0.009072 0.008545
1 0.479632 0.773689 0.009651 0.009559
1 0.485036 0.781583 0.010809 0.011732
1 0.556453 0.768331 0.010809 0.015642
1 0.595829 0.773327 0.016986 0.017235
1 0.606638 0.769634 0.009265 0.008111
1 0.612622 0.763696 0.010037 0.008111