0 0.609503 0.460052 0.041256 0.049415
0 0.369663 0.191041 0.114532 0.019089
0 0.145707 0.307882 0.059548 0.023091
1 0.167279 0.333664 0.006758 0.015252
0 0.670772 0.189270 0.097701 0.019858
0 0.629618 0.230450 0.046593 0.051724
0 0.402299 0.365687 0.058703 0.018011
0 0.541564 0.133082 0.083539 0.018319
0 0.078305 0.802956 0.028941 0.030480
0 0.137521 0.366071 0.057882 0.019397
0 0.356424 0.345982 0.040846 0.052494
1 0.378592 0.348830 0.008826 0.011700
0 0.455665 0.190425 0.058292 0.017549
0 0.631558 0.363608 0.030303 0.017241
0 0.076868 0.310422 0.034278 0.018935
0 0.525041 0.190117 0.034893 0.016010
0 0.160201 0.814963 0.130747 0.020936
0 0.353756 0.470443 0.021552 0.023091
0 0.217365 0.589594 0.133826 0.020320
0 0.384236 0.586977 0.101396 0.019704
1 0.692734 0.506235 0.020525 0.014932
0 0.673748 0.250924 0.047003 0.013855
0 0.324371 0.252232 0.088397 0.019243
0 0.446223 0.819023 0.025862 0.021974
0 0.244869 0.252540 0.068144 0.018319
1 0.124668 0.562370 0.006812 0.014210
0 0.668411 0.303956 0.073686 0.020474
0 0.097701 0.588901 0.072660 0.015240
1 0.137007 0.503618 0.010057 0.013085
1 0.655172 0.721528 0.015599 0.020642
1 0.703407 0.117149 0.010673 0.014778
1 0.702381 0.337284 0.018062 0.016318
1 0.664409 0.606835 0.012726 0.016318
1 0.688306 0.607175 0.008386 0.019152
0 0.654146 0.639240 0.094007 0.018935
1 0.673337 0.728448 0.014163 0.015702
1 0.658970 0.219597 0.009647 0.012161
0 0.181856 0.252155 0.025041 0.014163
1 0.508313 0.791718 0.008826 0.012315
1 0.656763 0.663734 0.009750 0.018048
0 0.295361 0.526940 0.158456 0.018473
0 0.590620 0.306419 0.081486 0.022629
0 0.553473 0.640471 0.104056 0.017395
0 0.494356 0.251078 0.050287 0.015086
1 0.535406 0.329203 0.012521 0.015856
0 0.137418 0.531635 0.157841 0.022014
1 0.423440 0.382774 0.012726 0.014932
1 0.173551 0.214730 0.008111 0.012855
0 0.431856 0.251770 0.068966 0.015548
1 0.656721 0.333975 0.009254 0.015856
1 0.609093 0.665708 0.013342 0.018299
0 0.190989 0.133852 0.063013 0.016164
0 0.310073 0.812065 0.169478 0.016250
1 0.488300 0.793180 0.009852 0.012777
1 0.381756 0.790936 0.009228 0.015786
0 0.462746 0.527478 0.050287 0.015548
0 0.565887 0.365456 0.098112 0.018473
1 0.555932 0.504695 0.010468 0.011238
0 0.474754 0.367226 0.080460 0.020474
1 0.688424 0.171875 0.011084 0.013393
1 0.461617 0.552956 0.009031 0.010468
0 0.649528 0.474292 0.038383 0.015394
0 0.215766 0.366225 0.043190 0.019704
0 0.473268 0.806262 0.031474 0.027094
0 0.676211 0.133313 0.072455 0.016933
1 0.652822 0.787509 0.010078 0.014057
1 0.669951 0.276401 0.010673 0.011546
1 0.259544 0.453818 0.014984 0.014470
1 0.598353 0.397683 0.009506 0.016302
1 0.510878 0.280605 0.016010 0.018734
1 0.277201 0.671286 0.013547 0.018400
0 0.104680 0.172876 0.033662 0.047414
0 0.353140 0.699815 0.187808 0.018781
1 0.693247 0.456666 0.010468 0.010930
0 0.309319 0.584898 0.043103 0.017395
1 0.526103 0.791799 0.009442 0.013708
1 0.336582 0.384816 0.010673 0.015322
1 0.512425 0.669566 0.009252 0.015856
1 0.174364 0.627617 0.011289 0.009852
1 0.145218 0.180188 0.010057 0.010314
1 0.338157 0.503849 0.009236 0.010160
1 0.190374 0.666102 0.013342 0.015394
0 0.106835 0.254387 0.061371 0.019550
1 0.109195 0.505003 0.007800 0.011853
0 0.458128 0.747845 0.031199 0.028017
0 0.619869 0.587900 0.162151 0.019397
1 0.194787 0.101601 0.010673 0.015086
1 0.346264 0.565348 0.010263 0.011238
0 0.174877 0.700739 0.166256 0.017857
0 0.083949 0.643396 0.040230 0.014009
1 0.636084 0.404172 0.011494 0.012777
1 0.144294 0.739994 0.009031 0.018781
1 0.690168 0.218057 0.008415 0.010930
1 0.174569 0.791795 0.009236 0.010930
0 0.109949 0.136171 0.101190 0.019089
1 0.246100 0.229988 0.010263 0.014779
1 0.553366 0.677494 0.010673 0.012623
1 0.469658 0.683234 0.011084 0.015843
1 0.350985 0.740034 0.015189 0.014470
0 0.245026 0.133955 0.042624 0.021552
1 0.689245 0.735991 0.010263 0.011700
1 0.536433 0.621536 0.010878 0.010314
1 0.575534 0.791333 0.009852 0.015240
1 0.671388 0.172183 0.009031 0.011546
1 0.484762 0.727371 0.008574 0.015394
1 0.539922 0.726832 0.011289 0.012469
1 0.360324 0.219905 0.011700 0.015856
0 0.569787 0.191425 0.020936 0.012777
1 0.442016 0.383005 0.008826 0.010468
1 0.388418 0.508208 0.008514 0.008054
1 0.055343 0.445719 0.011700 0.016318
1 0.327519 0.218626 0.008415 0.011760
1 0.353654 0.155403 0.010673 0.014932
0 0.600267 0.190271 0.039204 0.015702
1 0.340928 0.791025 0.009852 0.013393
0 0.489019 0.584206 0.100369 0.017549
2 0.385095 0.712447 0.675382 0.009581
1 0.691297 0.406317 0.009442 0.017068
1 0.148435 0.281772 0.014368 0.016933
1 0.218083 0.280226 0.015805 0.017965
1 0.724343 0.221812 0.009852 0.019672
1 0.154659 0.791179 0.008415 0.010930
1 0.168617 0.572259 0.012931 0.015207
1 0.270320 0.624549 0.010263 0.013568
0 0.570402 0.251308 0.056650 0.014624
1 0.153325 0.626847 0.010673 0.011084
1 0.094930 0.459898 0.008826 0.014624
0 0.579067 0.752925 0.208040 0.019397
0 0.637404 0.696736 0.086795 0.017857
1 0.636700 0.167950 0.010673 0.015086
1 0.091851 0.570274 0.008826 0.010930
0 0.347906 0.641010 0.204844 0.021244
1 0.696531 0.672183 0.010878 0.016472
0 0.150067 0.191349 0.053418 0.018781
1 0.705357 0.173568 0.013342 0.015856
1 0.241482 0.790486 0.010468 0.012315
1 0.597085 0.327895 0.013136 0.021861
0 0.107861 0.754541 0.090928 0.019243
1 0.652232 0.286444 0.012110 0.012851
1 0.152401 0.396552 0.012521 0.027094
1 0.195710 0.393935 0.009236 0.009852
1 0.370690 0.276786 0.009031 0.011084
1 0.278120 0.565810 0.009442 0.012161
1 0.340312 0.613070 0.009852 0.012777
1 0.511494 0.727063 0.008210 0.015086
1 0.488198 0.391010 0.010057 0.010468
1 0.630029 0.613385 0.013342 0.018641
1 0.669438 0.449353 0.017447 0.014778
0 0.374076 0.755311 0.081486 0.016164
1 0.194787 0.459898 0.009852 0.014624
1 0.492303 0.671721 0.011289 0.018011
1 0.635468 0.656327 0.013547 0.014624
1 0.112890 0.566502 0.009852 0.016318
1 0.568042 0.616302 0.018678 0.019858
1 0.377610 0.665256 0.012110 0.017395
0 0.377355 0.474881 0.023487 0.018178
1 0.246716 0.388547 0.010673 0.013239
1 0.627668 0.789024 0.008621 0.012777
1 0.571018 0.177494 0.011905 0.012623
1 0.374076 0.567272 0.010057 0.009544
1 0.137110 0.790717 0.009442 0.010314
1 0.153633 0.338131 0.014984 0.015856
1 0.377360 0.741071 0.008415 0.011392
1 0.644294 0.506619 0.018062 0.017549
1 0.693452 0.793950 0.019089 0.014317
1 0.093288 0.739455 0.009647 0.010930
1 0.076047 0.116379 0.009236 0.010160
1 0.221572 0.664101 0.009236 0.011084
1 0.396244 0.740456 0.010468 0.010160
1 0.305111 0.378310 0.009236 0.011238
1 0.468596 0.172491 0.013547 0.015856
1 0.496203 0.548414 0.010878 0.010930
1 0.124282 0.333128 0.010878 0.013855
1 0.262931 0.497849 0.010263 0.015094
1 0.580870 0.668026 0.012315 0.023245
1 0.077997 0.738377 0.008621 0.011853
1 0.296593 0.296182 0.011494 0.011084
1 0.190374 0.567316 0.010878 0.016098
1 0.442939 0.172260 0.009852 0.014470
1 0.420259 0.441118 0.010057 0.009083
1 0.310550 0.789640 0.008210 0.011546
0 0.523502 0.698815 0.143473 0.017087
1 0.527625 0.181286 0.014984 0.012684
1 0.561371 0.555282 0.009031 0.012965
1 0.722085 0.277248 0.008210 0.012623
0 0.349361 0.423953 0.063182 0.016010
1 0.109195 0.408097 0.011084 0.012931
1 0.414486 0.232465 0.014177 0.019498
1 0.432061 0.680673 0.014778 0.018674
1 0.340209 0.672722 0.010468 0.013239
1 0.561474 0.441118 0.009647 0.014009
1 0.092310 0.282656 0.013901 0.017087
1 0.119048 0.791487 0.011905 0.010006
1 0.356630 0.508390 0.009236 0.011853
1 0.077381 0.570351 0.009442 0.012315
1 0.208569 0.734539 0.014197 0.018166
1 0.672326 0.560169 0.008035 0.015657
0 0.541850 0.526274 0.107278 0.017703
1 0.236792 0.748160 0.011101 0.016774
1 0.736248 0.181727 0.011494 0.012777
1 0.130234 0.280557 0.011700 0.011546
1 0.210489 0.397321 0.008826 0.010468
1 0.424261 0.277325 0.009442 0.010930
1 0.653222 0.558113 0.010878 0.011546
1 0.718676 0.619723 0.011084 0.015924
0 0.231732 0.637161 0.025452 0.024323
1 0.121203 0.458205 0.008415 0.010930
1 0.223788 0.162562 0.006918 0.016933
1 0.054495 0.392241 0.011700 0.016626
1 0.446803 0.442209 0.010673 0.012189
1 0.509955 0.504849 0.008826 0.011546
1 0.093194 0.617986 0.014690 0.018473
2 0.383684 0.655691 0.667782 0.010822
1 0.127258 0.747922 0.009442 0.010314
1 0.279967 0.789871 0.011084 0.012007
1 0.089870 0.342321 0.012110 0.016043
1 0.302607 0.569658 0.009975 0.013085
1 0.265599 0.234452 0.015189 0.016010
1 0.387418 0.227679 0.009236 0.012007
1 0.257081 0.560961 0.009236 0.011084
1 0.424056 0.797491 0.017241 0.014317
1 0.486248 0.274062 0.011494 0.012409
1 0.614327 0.511776 0.012726 0.012777
1 0.385057 0.612267 0.013136 0.015790
1 0.219930 0.560653 0.010878 0.012623
1 0.595956 0.179110 0.010057 0.007543
1 0.618124 0.294489 0.014163 0.013239
1 0.692734 0.278905 0.009852 0.017477
1 0.194376 0.275491 0.008210 0.016499
1 0.178879 0.388701 0.008826 0.012007
1 0.248323 0.344674 0.010193 0.011392
1 0.561371 0.400862 0.008621 0.012931
1 0.359195 0.613224 0.010263 0.013085
1 0.260682 0.156789 0.009025 0.017232
1 0.215107 0.342518 0.014368 0.016318
2 0.383450 0.600342 0.668309 0.008826
1 0.422106 0.556496 0.010468 0.010160
1 0.173851 0.497886 0.009442 0.013936
1 0.174569 0.111299 0.009236 0.011392
1 0.174877 0.163639 0.020115 0.017549
1 0.436782 0.622222 0.010263 0.013922
1 0.592057 0.614455 0.009647 0.018319
1 0.114532 0.216826 0.012726 0.016780
1 0.653838 0.171567 0.010057 0.010622
1 0.221059 0.789717 0.008621 0.010468
1 0.057574 0.158174 0.009647 0.017703
2 0.388762 0.766775 0.666256 0.008730
1 0.223410 0.225962 0.013485 0.014932
1 0.152651 0.659767 0.008629 0.009390
1 0.302125 0.737521 0.009011 0.017222
0 0.666172 0.526478 0.067939 0.015086
1 0.273399 0.383852 0.008621 0.008775
1 0.494663 0.438501 0.009442 0.012161
0 0.427533 0.755481 0.025801 0.020683
1 0.246065 0.660185 0.019294 0.013239
1 0.570295 0.275478 0.015189 0.020154
1 0.477525 0.329587 0.018678 0.013239
1 0.719417 0.458590 0.011905 0.013855
0 0.290870 0.309036 0.033613 0.016472
1 0.301590 0.510144 0.012726 0.013206
0 0.259955 0.308113 0.023194 0.015856
1 0.135571 0.624230 0.012521 0.012931
0 0.148661 0.642653 0.082215 0.019243
1 0.079536 0.623932 0.010878 0.013701
1 0.562179 0.318590 0.009647 0.014418
1 0.524320 0.276571 0.008313 0.008703
1 0.719622 0.346444 0.011084 0.015856
2 0.380934 0.433903 0.672832 0.009764
1 0.142857 0.102756 0.009031 0.010006
1 0.066668 0.337060 0.012059 0.015815
1 0.365764 0.451154 0.016831 0.020227
1 0.534996 0.392241 0.013342 0.011392
1 0.275452 0.349754 0.013547 0.015086
1 0.413244 0.618977 0.010057 0.015971
1 0.438321 0.235363 0.010057 0.015676
1 0.613403 0.172876 0.011289 0.016933
1 0.263957 0.789332 0.012315 0.011546
1 0.167282 0.279480 0.015599 0.023553
0 0.552331 0.813022 0.127668 0.020628
1 0.479475 0.236992 0.010673 0.015548
1 0.514368 0.392908 0.012726 0.013956
0 0.066605 0.370151 0.018678 0.018319
1 0.448306 0.334688 0.008682 0.014204
1 0.308190 0.674646 0.010468 0.016164
1 0.405053 0.173130 0.014053 0.016934
1 0.201970 0.160453 0.012726 0.010253
1 0.460533 0.103297 0.009647 0.017812
1 0.601601 0.789563 0.013547 0.012315
1 0.054290 0.499076 0.011700 0.015702
1 0.618124 0.556727 0.014163 0.011238
1 0.274733 0.745228 0.013342 0.010776
1 0.516565 0.232966 0.010374 0.014349
1 0.419438 0.331238 0.011289 0.014692
1 0.405583 0.674492 0.010673 0.016780
1 0.344622 0.276555 0.008621 0.011853
1 0.056034 0.767703 0.010263 0.016626
2 0.380212 0.543519 0.675493 0.008264
1 0.225757 0.447592 0.008576 0.010622
1 0.306793 0.462071 0.008621 0.011084
1 0.610940 0.723599 0.010057 0.011546
1 0.061823 0.101398 0.010176 0.017298
1 0.097437 0.113354 0.007123 0.010430
1 0.121604 0.103370 0.009667 0.010811
1 0.216830 0.102797 0.011193 0.015009
1 0.249053 0.101652 0.009497 0.013228
1 0.281360 0.100253 0.008310 0.011956
1 0.307816 0.100571 0.008988 0.013355
1 0.336732 0.101080 0.008819 0.013610
1 0.369293 0.100253 0.009497 0.012719
1 0.415168 0.101207 0.008649 0.012338
1 0.432806 0.103370 0.008649 0.016662
1 0.448408 0.099363 0.011702 0.017807
1 0.483514 0.100889 0.020181 0.011702
1 0.516075 0.112973 0.014755 0.018570
1 0.555760 0.105087 0.017129 0.023149
1 0.580012 0.103751 0.012719 0.019715
1 0.591798 0.106804 0.010854 0.016917
1 0.603006 0.105246 0.007492 0.014564
1 0.619527 0.110874 0.009328 0.014882
1 0.631992 0.112718 0.012211 0.016790
1 0.658702 0.120096 0.009328 0.012465
1 0.668454 0.120604 0.007123 0.012974
1 0.685583 0.124611 0.009158 0.011066
1 0.718060 0.178541 0.012380 0.017426
1 0.548891 0.177714 0.024082 0.014500
1 0.493350 0.175489 0.027644 0.019969
1 0.392952 0.172754 0.008988 0.016026
1 0.331390 0.161243 0.008649 0.015390
1 0.294758 0.157236 0.018486 0.012974
1 0.215304 0.161116 0.008819 0.013101
1 0.132288 0.171673 0.008310 0.013355
1 0.124318 0.170337 0.005597 0.009921
1 0.059957 0.217335 0.010176 0.017171
1 0.088958 0.233807 0.008480 0.018316
1 0.097098 0.223695 0.009158 0.016408
1 0.127855 0.218544 0.008262 0.017553
1 0.157303 0.220642 0.013567 0.020733
1 0.182129 0.217145 0.007931 0.018825
1 0.206400 0.224013 0.012041 0.015518
1 0.298319 0.229928 0.008649 0.014882
1 0.450698 0.239086 0.007801 0.014119
1 0.461552 0.239849 0.010854 0.018189
1 0.500049 0.232344 0.013228 0.019715
1 0.525832 0.231390 0.008152 0.016790
1 0.546263 0.234379 0.011363 0.015390
1 0.566868 0.235206 0.012889 0.017807
1 0.456973 0.278516 0.009836 0.021241
1 0.400414 0.278770 0.009328 0.013355
1 0.355980 0.274255 0.010684 0.014246
1 0.322062 0.287801 0.008310 0.012592
1 0.266605 0.276417 0.013398 0.020097
1 0.232929 0.277505 0.009660 0.008686
1 0.075221 0.274382 0.017298 0.011702
1 0.054530 0.276099 0.010515 0.017680
1 0.052071 0.335244 0.010345 0.019206
1 0.361068 0.331810 0.009328 0.016408
1 0.400329 0.337597 0.010176 0.027474
1 0.456718 0.335181 0.007632 0.015263
1 0.498353 0.329457 0.008819 0.014755
1 0.627243 0.328757 0.009497 0.016408
1 0.685498 0.336325 0.008988 0.014500
1 0.721706 0.409017 0.009497 0.014627
1 0.661331 0.400431 0.008140 0.014246
1 0.578570 0.391337 0.008819 0.014627
1 0.588491 0.391528 0.009667 0.014755
1 0.462993 0.389238 0.010006 0.018062
1 0.399396 0.388157 0.009328 0.013355
1 0.371413 0.387839 0.009667 0.011702
1 0.135256 0.408763 0.009497 0.014119
1 0.082852 0.410098 0.009497 0.014246
1 0.076069 0.469689 0.008480 0.015136
1 0.151712 0.441388 0.008491 0.010684
1 0.293655 0.463011 0.009158 0.013991
1 0.382522 0.443677 0.008480 0.017044
1 0.399905 0.442405 0.008310 0.012465
1 0.508868 0.440179 0.009158 0.012847
1 0.524301 0.435918 0.007801 0.012974
1 0.537020 0.440625 0.009158 0.014500
1 0.548722 0.444631 0.008140 0.012847
1 0.637079 0.451691 0.016281 0.019334
1 0.651749 0.448383 0.010345 0.011956
1 0.667606 0.504603 0.009497 0.013483
1 0.715516 0.517386 0.008310 0.019461
1 0.583658 0.508419 0.008819 0.011193
1 0.532271 0.509246 0.008140 0.010811
1 0.476052 0.508991 0.010345 0.011829
1 0.453411 0.513507 0.010854 0.011956
1 0.370057 0.514397 0.010006 0.013991
1 0.320705 0.500787 0.010006 0.013228
1 0.282886 0.500597 0.010006 0.013610
1 0.236672 0.494110 0.010176 0.010557
1 0.204195 0.491757 0.008988 0.013483
1 0.077086 0.513570 0.008819 0.012847
1 0.054361 0.555926 0.010515 0.017426
1 0.240488 0.565656 0.011023 0.013483
1 0.312904 0.572843 0.008988 0.017171
1 0.587134 0.550393 0.010006 0.014500
1 0.633518 0.554591 0.011193 0.011702
1 0.705510 0.569663 0.009328 0.018698
1 0.718144 0.568391 0.009497 0.017171
1 0.515906 0.627854 0.009328 0.017044
1 0.505900 0.622512 0.011363 0.046807
1 0.449765 0.625946 0.009328 0.013483
1 0.424241 0.613291 0.009497 0.016662
1 0.399735 0.613100 0.009328 0.016790
1 0.316720 0.613927 0.009497 0.015899
1 0.300778 0.613609 0.009497 0.012974
1 0.250664 0.628745 0.010345 0.015518
1 0.118127 0.619205 0.008140 0.012211
1 0.055887 0.612082 0.009836 0.017807
1 0.061568 0.680449 0.016790 0.042610
1 0.082513 0.676061 0.010854 0.014755
1 0.118043 0.665122 0.009328 0.019588
1 0.163154 0.661052 0.009328 0.013737
1 0.365562 0.668811 0.009836 0.016026
1 0.523877 0.670592 0.012719 0.018825
1 0.638351 0.725730 0.010006 0.016917
1 0.625802 0.729355 0.009328 0.013228
1 0.585184 0.726112 0.010854 0.013355
1 0.564155 0.726048 0.008819 0.013228
1 0.495640 0.727002 0.010176 0.014882
1 0.473338 0.728083 0.008649 0.015518
1 0.312310 0.737686 0.009158 0.019969
1 0.248713 0.750151 0.006784 0.012338
1 0.220392 0.738768 0.008819 0.021114
1 0.182657 0.736224 0.009667 0.022895
1 0.168157 0.736224 0.010854 0.015009
1 0.058516 0.712375 0.008988 0.016408
1 0.099557 0.793080 0.009328 0.015518
1 0.197581 0.791744 0.010006 0.012847
1 0.207672 0.791553 0.008140 0.012974
1 0.367258 0.789772 0.010176 0.011702
1 0.549824 0.790345 0.010684 0.012338
0 0.282801 0.132751 0.024760 0.016917
0 0.346822 0.132497 0.101586 0.019969
0 0.429244 0.132815 0.059188 0.021369
0 0.629787 0.132815 0.013907 0.014246
0 0.205383 0.190561 0.047316 0.016790
0 0.259313 0.191706 0.030357 0.014246
0 0.383794 0.251805 0.024591 0.016662
0 0.511412 0.309551 0.025100 0.018443
0 0.469268 0.308025 0.055457 0.014882
0 0.411183 0.308088 0.060375 0.017044
0 0.343939 0.307707 0.072416 0.016790
0 0.205807 0.306880 0.056305 0.018952
0 0.267793 0.366661 0.058509 0.017426
0 0.311802 0.323225 0.028831 0.015772
0 0.314600 0.341159 0.033410 0.019334
0 0.307816 0.360111 0.018825 0.019334
0 0.323164 0.368378 0.018655 0.012211
0 0.678714 0.364054 0.062919 0.015518
0 0.687533 0.419892 0.021877 0.015009
0 0.664977 0.420019 0.022895 0.015772
0 0.635553 0.420782 0.035275 0.013228
0 0.577977 0.421355 0.058170 0.015390
0 0.522859 0.421355 0.049012 0.013864
0 0.485210 0.422054 0.024591 0.014500
0 0.426616 0.420973 0.089205 0.017171
0 0.270506 0.421927 0.092089 0.020605
0 0.194359 0.424980 0.058509 0.020097
0 0.144329 0.424407 0.036801 0.015136
0 0.093282 0.425107 0.064954 0.016790
0 0.030448 0.409907 0.029509 0.012338
1 0.027226 0.379063 0.010176 0.019079
2 0.029685 0.372703 0.030357 0.003561
2 0.029770 0.380780 0.029848 0.003434
2 0.030618 0.389938 0.029170 0.002925
2 0.029431 0.399032 0.029170 0.003816
0 0.097692 0.478719 0.074790 0.015136
0 0.173414 0.476175 0.071229 0.017680
0 0.244982 0.478528 0.068854 0.013483
0 0.295690 0.477002 0.029170 0.013483
0 0.326726 0.477193 0.029170 0.019206
0 0.437300 0.475412 0.094972 0.015899
0 0.525573 0.473950 0.079200 0.015518
0 0.690840 0.473822 0.024082 0.016026
0 0.572380 0.473632 0.013737 0.015645
0 0.614863 0.526099 0.032901 0.016790
0 0.487584 0.623530 0.026287 0.061816
0 0.466131 0.638984 0.017638 0.017171
0 0.204789 0.644390 0.027474 0.019079
0 0.081156 0.702327 0.029170 0.016917
0 0.690331 0.696094 0.017977 0.016408
0 0.174008 0.756766 0.036801 0.017171
0 0.228871 0.756638 0.068515 0.015899
0 0.276950 0.756575 0.023912 0.015263
0 0.308834 0.754667 0.038837 0.015518
0 0.645220 0.810378 0.060036 0.019334
2 0.386189 0.089776 0.670972 0.007315
2 0.387029 0.099235 0.661218 0.008072
2 0.388375 0.109451 0.659200 0.006306
2 0.386357 0.118405 0.658528 0.008072
2 0.387870 0.148044 0.670972 0.007820
2 0.388207 0.158512 0.668281 0.006558
2 0.386693 0.167719 0.667272 0.008324
2 0.388207 0.177557 0.665590 0.008324
2 0.385516 0.207574 0.675680 0.006811
2 0.337253 0.217916 0.573773 0.005802
2 0.384675 0.227123 0.673999 0.006054
2 0.385348 0.236708 0.671308 0.006558
2 0.385852 0.265464 0.675008 0.008576
2 0.320941 0.276059 0.546531 0.006558
2 0.384003 0.285518 0.678707 0.006811
2 0.273856 0.294851 0.448996 0.006811
2 0.381816 0.321337 0.675680 0.010342
2 0.380807 0.331552 0.672317 0.009585
2 0.381648 0.340886 0.669963 0.010594
2 0.383498 0.350723 0.670972 0.011099
2 0.386357 0.379983 0.678707 0.009585
2 0.383666 0.389569 0.673999 0.009585
2 0.382825 0.399406 0.679716 0.009585
2 0.383162 0.408992 0.682407 0.010594
2 0.381648 0.443549 0.670635 0.008072
2 0.382994 0.453639 0.671308 0.009081
2 0.384003 0.462341 0.671308 0.009838
2 0.381648 0.488575 0.675344 0.006306
2 0.380303 0.498791 0.671308 0.006558
2 0.381144 0.507998 0.670972 0.006811
2 0.380471 0.517457 0.668954 0.007063
2 0.381480 0.553150 0.670299 0.009838
2 0.381144 0.562609 0.669626 0.009585
2 0.381816 0.572320 0.669626 0.009333
2 0.383330 0.609400 0.663236 0.009333
2 0.381144 0.618229 0.661555 0.009333
2 0.384171 0.627940 0.664918 0.009585
2 0.382825 0.665399 0.668954 0.009838
2 0.383834 0.674858 0.670299 0.010594
2 0.387534 0.684569 0.668954 0.008829
2 0.383834 0.721649 0.678371 0.009838
2 0.383330 0.731865 0.675344 0.009081
2 0.386021 0.741324 0.673326 0.007820
2 0.386021 0.776639 0.668617 0.008324
2 0.386525 0.786855 0.668281 0.009081
2 0.388711 0.796188 0.669963 0.009585
1 0.611029 0.109702 0.008111 0.011587
1 0.269991 0.158801 0.008497 0.009559
1 0.233009 0.163653 0.007531 0.007097
1 0.241120 0.168505 0.008304 0.009269
1 0.138577 0.218255 0.008304 0.009704
1 0.147074 0.222021 0.007145 0.009994
1 0.190814 0.217386 0.007725 0.009414
1 0.197380 0.222383 0.007725 0.007821
1 0.536004 0.231073 0.009076 0.008690
1 0.533301 0.272424 0.012166 0.014339
1 0.544115 0.276769 0.006759 0.020132
1 0.242955 0.273365 0.011973 0.013325
1 0.252514 0.277276 0.006759 0.018539
1 0.105265 0.284083 0.011587 0.015063
1 0.078036 0.336586 0.010428 0.014918
1 0.174882 0.335572 0.006373 0.010573
1 0.182993 0.338903 0.007918 0.008545
1 0.191780 0.340206 0.009269 0.016656
1 0.258211 0.346941 0.007725 0.016801
1 0.666163 0.333327 0.008690 0.008980
1 0.675336 0.339120 0.007725 0.009849
1 0.608422 0.398358 0.008304 0.010428
1 0.617015 0.402558 0.009269 0.008690
1 0.161364 0.441157 0.009849 0.010283
1 0.235037 0.448616 0.008883 0.012745
1 0.400535 0.504087 0.013904 0.013035
1 0.411832 0.507853 0.006373 0.018539
1 0.421681 0.506912 0.009849 0.009414
1 0.431723 0.511836 0.009463 0.008256
1 0.133846 0.565353 0.007725 0.009269
1 0.142439 0.568901 0.010235 0.008256
1 0.684315 0.562021 0.008304 0.011587
1 0.694454 0.564918 0.008497 0.008111
1 0.696964 0.607355 0.006566 0.011297
1 0.705751 0.612279 0.010621 0.012166
1 0.666259 0.664420 0.008497 0.010138
1 0.674949 0.669054 0.009656 0.007821
1 0.391073 0.793902 0.007338 0.008690
1 0.398894 0.797885 0.007918 0.008256
1 0.407004 0.802520 0.007531 0.009125
1 0.662783 0.789630 0.008497 0.008835
1 0.671280 0.793685 0.006180 0.010573
1 0.679198 0.798682 0.006952 0.010428