0 0.427000 0.810860 0.080000 0.025573
0 0.409500 0.283627 0.050000 0.023248
0 0.569250 0.433245 0.043500 0.024909
0 0.433750 0.359183 0.073500 0.024909
0 0.630750 0.437064 0.053500 0.023248
0 0.305500 0.735470 0.039000 0.025573
0 0.385250 0.208070 0.081500 0.024909
0 0.548500 0.358685 0.085000 0.025241
0 0.232500 0.664397 0.098000 0.022916
0 0.205750 0.814680 0.042500 0.020591
0 0.720750 0.434241 0.109500 0.028230
0 0.516000 0.738293 0.052000 0.023912
0 0.441000 0.433079 0.061000 0.028562
0 0.602250 0.813351 0.042500 0.021920
0 0.669250 0.359349 0.044500 0.025241
0 0.567750 0.132680 0.086500 0.022252
0 0.446750 0.509465 0.050500 0.021255
0 0.805250 0.664231 0.072500 0.026569
0 0.682250 0.587014 0.088500 0.026237
0 0.207750 0.512288 0.051500 0.020259
0 0.512250 0.435736 0.061500 0.024577
0 0.664500 0.812189 0.062000 0.027566
0 0.316000 0.209565 0.057000 0.020591
0 0.225000 0.332614 0.099000 0.075390
0 0.604250 0.737795 0.052500 0.020923
0 0.500500 0.663235 0.080000 0.022584
0 0.313250 0.813351 0.130500 0.035204
0 0.338750 0.662238 0.098500 0.025905
0 0.757500 0.587180 0.051000 0.024577
0 0.583500 0.588011 0.100000 0.024244
0 0.294000 0.586848 0.027000 0.017934
0 0.695000 0.289273 0.114000 0.032547
0 0.351250 0.130355 0.123500 0.026237
0 0.705000 0.664231 0.099000 0.026569
0 0.865500 0.664397 0.044000 0.023580
1 0.666907 0.686377 0.008985 0.016507
0 0.830250 0.361508 0.109500 0.024244
0 0.232250 0.283627 0.095500 0.028562
0 0.848250 0.587845 0.087500 0.026569
0 0.222500 0.712886 0.102000 0.078711
0 0.323250 0.358519 0.069500 0.022916
0 0.749250 0.817170 0.085500 0.022252
0 0.688500 0.132182 0.147000 0.031219
0 0.232500 0.211392 0.106000 0.029558
0 0.846500 0.208569 0.097000 0.028562
0 0.387500 0.512786 0.045000 0.021255
0 0.383000 0.586848 0.106000 0.024577
1 0.529250 0.319827 0.031500 0.018598
1 0.761475 0.385173 0.010949 0.013123
1 0.466834 0.484449 0.027668 0.024486
0 0.250000 0.074228 0.067000 0.028230
0 0.583250 0.663567 0.074500 0.020591
0 0.846250 0.433909 0.055500 0.024244
0 0.838000 0.815676 0.077000 0.025241
0 0.774000 0.284125 0.031000 0.020923
0 0.194750 0.080206 0.039500 0.025573
0 0.536250 0.285952 0.198500 0.029890
0 0.640250 0.663733 0.029500 0.019595
0 0.255000 0.512454 0.026000 0.021920
1 0.534525 0.473417 0.019671 0.027904
1 0.755000 0.696114 0.028000 0.025905
0 0.627500 0.508967 0.034000 0.026237
1 0.312421 0.706742 0.008843 0.024577
0 0.247250 0.129193 0.077500 0.027233
1 0.286456 0.541251 0.010325 0.022916
0 0.330500 0.285121 0.099000 0.024909
0 0.732750 0.789771 0.064500 0.028562
0 0.366000 0.437894 0.070000 0.022252
0 0.807000 0.130023 0.088000 0.026237
0 0.345500 0.079044 0.123000 0.029226
0 0.853750 0.284457 0.067500 0.021588
1 0.833000 0.708735 0.015000 0.024577
0 0.802000 0.513617 0.164000 0.024244
0 0.586500 0.513119 0.052000 0.020591
0 0.797750 0.789771 0.058500 0.021255
0 0.622500 0.360013 0.045000 0.019927
0 0.660250 0.737297 0.040500 0.020591
0 0.244500 0.101959 0.084000 0.027898
0 0.804500 0.283461 0.026000 0.020259
0 0.761500 0.739289 0.048000 0.025241
1 0.603750 0.255563 0.017500 0.016938
1 0.841064 0.387771 0.014127 0.018984
1 0.500973 0.774192 0.011254 0.022232
1 0.298751 0.320405 0.010088 0.010435
1 0.177250 0.467619 0.023500 0.027233
0 0.348750 0.105613 0.122500 0.025905
0 0.416250 0.735470 0.059500 0.024909
1 0.739694 0.321549 0.011612 0.013163
1 0.866500 0.178346 0.018000 0.015942
0 0.853000 0.787446 0.045000 0.023912
0 0.283750 0.512288 0.026500 0.019595
0 0.734000 0.762371 0.048000 0.024244
1 0.352500 0.557124 0.017000 0.019595
1 0.249750 0.181335 0.016500 0.021255
1 0.339500 0.251578 0.017000 0.014281
0 0.534000 0.513451 0.032000 0.019263
1 0.825250 0.552474 0.016500 0.020923
1 0.213500 0.253902 0.018000 0.018931
1 0.871000 0.256393 0.015000 0.025905
1 0.773750 0.240452 0.017500 0.013949
1 0.556856 0.635538 0.012731 0.017822
1 0.280500 0.394719 0.023000 0.020259
1 0.662250 0.554467 0.017500 0.026901
1 0.441750 0.707240 0.026500 0.028894
1 0.356689 0.708577 0.019432 0.018858
1 0.800000 0.704583 0.017000 0.020259
1 0.254750 0.618233 0.016500 0.022252
0 0.820250 0.764198 0.110500 0.025241
0 0.671250 0.488542 0.049500 0.069744
1 0.205500 0.178346 0.017000 0.013285
1 0.441750 0.168383 0.016500 0.015942
1 0.508750 0.401528 0.018500 0.021920
1 0.849500 0.328960 0.016000 0.026237
0 0.590500 0.208901 0.050000 0.021255
1 0.436750 0.489372 0.014500 0.014945
1 0.497000 0.175855 0.017000 0.020923
1 0.173750 0.552308 0.017500 0.025905
0 0.218250 0.581368 0.055500 0.029558
1 0.837250 0.250415 0.017500 0.022584
1 0.258750 0.461142 0.016500 0.040186
1 0.185750 0.153105 0.015500 0.023912
1 0.224012 0.407561 0.010870 0.021641
0 0.454750 0.586018 0.030500 0.020259
1 0.183750 0.226005 0.015500 0.025573
1 0.694250 0.104118 0.015500 0.019595
1 0.676500 0.179010 0.016000 0.021255
1 0.478444 0.535490 0.010491 0.013501
1 0.346000 0.404683 0.018000 0.015609
1 0.459534 0.318969 0.024500 0.041847
1 0.488000 0.624377 0.022000 0.021255
1 0.524000 0.255231 0.017000 0.015609
1 0.508053 0.694500 0.013106 0.025997
1 0.540000 0.076054 0.020000 0.025241
1 0.591750 0.549153 0.019500 0.013617
0 0.317250 0.513285 0.030500 0.019595
1 0.756584 0.555961 0.026168 0.025905
1 0.419500 0.318831 0.022000 0.019927
0 0.228750 0.435404 0.028500 0.019927
1 0.686750 0.631684 0.015500 0.020591
1 0.595750 0.771671 0.024500 0.021588
1 0.642250 0.628363 0.023500 0.027233
1 0.653500 0.264198 0.017000 0.023580
1 0.333000 0.179342 0.017000 0.015942
1 0.574500 0.324477 0.016000 0.015277
1 0.610000 0.178844 0.018000 0.031551
1 0.273500 0.768515 0.017000 0.024577
1 0.261500 0.254234 0.016000 0.017602
1 0.738250 0.471438 0.015500 0.028894
1 0.622500 0.400365 0.017000 0.017602
1 0.179500 0.377615 0.019000 0.025905
1 0.795562 0.627450 0.012970 0.012626
1 0.408000 0.169047 0.017000 0.017270
1 0.537500 0.180671 0.017000 0.019263
1 0.380000 0.405181 0.017000 0.025905
1 0.709750 0.553803 0.016500 0.022916
1 0.711750 0.469611 0.018500 0.024577
1 0.634750 0.175689 0.017500 0.024577
1 0.462000 0.257224 0.017000 0.022252
1 0.198250 0.393723 0.017500 0.021588
1 0.365500 0.767851 0.016000 0.024577
1 0.807750 0.245101 0.021500 0.021255
1 0.657991 0.775698 0.011757 0.012510
1 0.724500 0.094155 0.015000 0.013617
1 0.549500 0.102624 0.014000 0.014613
1 0.468500 0.170375 0.022000 0.019927
1 0.850404 0.467690 0.011807 0.023392
0 0.193500 0.131518 0.030000 0.019263
1 0.408500 0.252076 0.017000 0.014613
1 0.890750 0.100963 0.016500 0.015942
1 0.276750 0.181833 0.016500 0.022916
1 0.452250 0.409000 0.028500 0.017602
1 0.576689 0.396913 0.028000 0.037529
1 0.200250 0.471604 0.019500 0.035204
0 0.196750 0.434075 0.028500 0.021255
1 0.326424 0.457281 0.011559 0.015939
1 0.622750 0.324477 0.015500 0.015942
1 0.797250 0.326137 0.017500 0.025241
1 0.566250 0.549485 0.021500 0.041514
1 0.596250 0.705081 0.016500 0.023248
1 0.248500 0.553431 0.017000 0.024830
1 0.446000 0.623381 0.017000 0.052474
1 0.803250 0.103952 0.017500 0.021920
1 0.825000 0.180837 0.016000 0.023580
1 0.561500 0.248422 0.015000 0.015942
1 0.888500 0.405513 0.012000 0.015942
1 0.277250 0.705746 0.019500 0.024577
1 0.228000 0.773829 0.020000 0.018598
1 0.906250 0.483560 0.012500 0.017270
1 0.874500 0.550814 0.017000 0.014281
1 0.425892 0.637554 0.013180 0.011028
0 0.491500 0.210229 0.031000 0.019927
1 0.380000 0.469777 0.015000 0.026901
1 0.886500 0.472600 0.017000 0.023248
1 0.581500 0.190468 0.015000 0.013617
1 0.907250 0.178844 0.013500 0.016938
1 0.371750 0.175523 0.015500 0.018266
1 0.204500 0.770508 0.028000 0.021255
1 0.299000 0.700930 0.014000 0.013617
1 0.181250 0.770508 0.016500 0.027898
0 0.450750 0.209233 0.046500 0.021920
1 0.588250 0.102790 0.016500 0.019595
1 0.372262 0.619984 0.040991 0.021678
1 0.284000 0.470774 0.020000 0.019595
1 0.650500 0.100133 0.017000 0.014281
1 0.201500 0.617403 0.016000 0.019263
1 0.673250 0.252906 0.014500 0.024909
1 0.309000 0.764696 0.014000 0.014281
1 0.688500 0.404351 0.018000 0.024909
1 0.223250 0.612753 0.017500 0.033212
1 0.825250 0.613584 0.013500 0.037529
1 0.749000 0.104118 0.014000 0.022252
1 0.310250 0.173364 0.016500 0.015942
0 0.195250 0.106609 0.033500 0.023248
1 0.306000 0.247094 0.014000 0.016606
1 0.339750 0.757888 0.019500 0.030555
1 0.182000 0.621222 0.017000 0.024909
1 0.221750 0.465958 0.015500 0.020591
1 0.431300 0.759188 0.043500 0.022676
1 0.654777 0.692925 0.017500 0.029890
0 0.660500 0.208735 0.084000 0.022252
1 0.670750 0.487712 0.046500 0.072069
1 0.407043 0.721704 0.019500 0.016274
1 0.407250 0.410993 0.015500 0.039522
1 0.314000 0.619894 0.017000 0.023580
1 0.595250 0.488708 0.015500 0.015609
1 0.278000 0.300565 0.015000 0.025241
0 0.830000 0.742444 0.026000 0.015609
1 0.892750 0.323315 0.013500 0.014945
1 0.483543 0.773129 0.009914 0.014021
1 0.801000 0.150614 0.017000 0.020259
1 0.734222 0.382265 0.014444 0.022584
0 0.537250 0.209233 0.050500 0.021920
1 0.387250 0.756393 0.017500 0.024909
1 0.898500 0.553305 0.014000 0.017934
1 0.727500 0.242278 0.018000 0.016274
1 0.893750 0.711890 0.014500 0.016938
0 0.154750 0.354367 0.038500 0.023248
1 0.469746 0.401740 0.011544 0.018382
1 0.410000 0.552474 0.015000 0.018931
0 0.756500 0.182165 0.106000 0.080704
1 0.868250 0.612753 0.014500 0.029890
1 0.783500 0.463301 0.016000 0.016606
1 0.389975 0.616360 0.010813 0.009816
1 0.451500 0.540684 0.018000 0.029890
1 0.584000 0.626702 0.014000 0.014613
0 0.218500 0.435237 0.048000 0.021588
1 0.316200 0.454154 0.011435 0.021446
1 0.235750 0.563268 0.015500 0.016606
1 0.710500 0.251245 0.015000 0.023580
0 0.801500 0.742943 0.021000 0.015277
1 0.250751 0.415657 0.012657 0.011834
0 0.211500 0.434075 0.060000 0.022584
1 0.206250 0.570907 0.027500 0.022584
1 0.465709 0.539190 0.012417 0.025573
1 0.377121 0.338755 0.010296 0.012878
1 0.383982 0.323450 0.014604 0.017142
0 0.636000 0.209067 0.034000 0.019595
0 0.680000 0.207904 0.041000 0.023912
1 0.728559 0.315862 0.011695 0.015274
1 0.716864 0.308291 0.011299 0.013035
1 0.706259 0.303025 0.010308 0.014088
1 0.694662 0.302696 0.009713 0.021594
1 0.684652 0.295783 0.010704 0.009348
1 0.673056 0.301840 0.031914 0.015669
1 0.329034 0.322577 0.054314 0.032654
1 0.353019 0.324026 0.007929 0.009217
1 0.364913 0.332387 0.010704 0.011192
1 0.237949 0.410005 0.013678 0.015537
1 0.256978 0.400262 0.010506 0.016064
1 0.438752 0.423830 0.016453 0.011323
1 0.556796 0.397760 0.011497 0.011060
1 0.748382 0.381367 0.012488 0.024622
1 0.774250 0.389794 0.010704 0.015669
1 0.786045 0.397233 0.010902 0.011850
1 0.797641 0.402895 0.013083 0.013167
1 0.854334 0.390782 0.011101 0.014484
1 0.865137 0.396575 0.011299 0.012640
1 0.863254 0.468663 0.012290 0.014879
1 0.874454 0.474654 0.008920 0.012377
1 0.551642 0.474523 0.011894 0.013693
1 0.564824 0.479065 0.010902 0.013825
1 0.489300 0.487558 0.016056 0.026334
1 0.338846 0.462936 0.012488 0.014220
1 0.350739 0.468400 0.010506 0.015669
1 0.298209 0.542661 0.010902 0.015405
1 0.310896 0.546282 0.013678 0.012903
1 0.489597 0.542200 0.010308 0.013693
1 0.499608 0.548257 0.009713 0.013693
1 0.511997 0.553655 0.014272 0.014484
1 0.780395 0.559712 0.019030 0.020804
1 0.806759 0.610404 0.023787 0.017380
1 0.569780 0.639305 0.011299 0.013035
1 0.581376 0.644572 0.011497 0.014088
1 0.401089 0.625743 0.010110 0.012245
1 0.414370 0.633314 0.014471 0.013430
1 0.324375 0.707180 0.012092 0.014484
1 0.338350 0.712250 0.012686 0.015669
1 0.521214 0.694211 0.012885 0.012772
1 0.534396 0.699675 0.009515 0.013693
1 0.545001 0.704152 0.012092 0.011850
1 0.555507 0.702243 0.010506 0.015405
1 0.677417 0.688549 0.010506 0.015142
1 0.688914 0.696318 0.009713 0.014615
1 0.699717 0.701914 0.009118 0.013957
1 0.711413 0.708760 0.010704 0.015800
1 0.670776 0.761823 0.022994 0.015010
1 0.686436 0.755634 0.010308 0.023174
1 0.513979 0.776438 0.010704 0.013430
1 0.526665 0.780717 0.009911 0.014088
1 0.540244 0.786642 0.011299 0.014352
1 0.552038 0.792765 0.011497 0.013693
1 0.557787 0.775319 0.011894 0.013298
1 0.472550 0.767221 0.011101 0.015010
1 0.460160 0.761823 0.012092 0.012640
1 0.449456 0.754647 0.008920 0.010665