1 0.430591 0.758960 0.024930 0.022278
1 0.667598 0.454815 0.013759 0.023603
0 0.384917 0.806705 0.052914 0.021928
0 0.442465 0.806581 0.062513 0.026175
0 0.497075 0.172144 0.046056 0.020664
0 0.657597 0.170403 0.080200 0.026998
0 0.314533 0.490975 0.150910 0.031386
0 0.446228 0.172367 0.046607 0.020691
0 0.271457 0.171716 0.031582 0.022799
0 0.551921 0.170996 0.063650 0.024450
0 0.487940 0.330117 0.038397 0.020910
1 0.700437 0.698655 0.009882 0.010182
0 0.421222 0.409906 0.083931 0.026887
0 0.534969 0.809612 0.119813 0.030250
0 0.692328 0.732531 0.098540 0.030113
0 0.345649 0.171036 0.055642 0.026021
1 0.288241 0.622765 0.021086 0.021406
0 0.659655 0.571725 0.042524 0.020942
1 0.668253 0.698624 0.019777 0.024323
1 0.522272 0.535210 0.018401 0.024902
0 0.293488 0.567049 0.091520 0.024522
0 0.795002 0.302955 0.044040 0.022368
1 0.605172 0.697361 0.019056 0.024396
0 0.610763 0.731234 0.057620 0.025771
0 0.294171 0.331885 0.087677 0.023376
0 0.652129 0.654380 0.140013 0.028923
1 0.408252 0.466794 0.021319 0.023054
1 0.628040 0.697362 0.020099 0.023952
1 0.693201 0.780845 0.015312 0.023581
0 0.520110 0.732246 0.119551 0.028990
0 0.777680 0.410820 0.066984 0.026283
0 0.330281 0.412739 0.095596 0.028727
0 0.536297 0.409194 0.081237 0.025484
0 0.619976 0.490077 0.075110 0.024861
1 0.548521 0.529880 0.010700 0.011256
0 0.719613 0.330009 0.111835 0.027136
1 0.379095 0.757126 0.020678 0.023106
0 0.753998 0.655020 0.051588 0.022525
1 0.340880 0.757272 0.019148 0.025496
0 0.790260 0.737567 0.084508 0.023433
1 0.323687 0.523146 0.019870 0.026331
1 0.341202 0.455553 0.027371 0.026718
1 0.225702 0.214594 0.011004 0.016188
0 0.656272 0.411520 0.053215 0.024545
1 0.360577 0.383475 0.017787 0.020666
1 0.725988 0.377011 0.026366 0.023639
1 0.443458 0.448929 0.013597 0.024292
1 0.402401 0.378538 0.021071 0.029377
0 0.748751 0.573550 0.136513 0.031893
0 0.481231 0.567900 0.033180 0.020284
1 0.254366 0.613702 0.029188 0.027359
0 0.312312 0.802546 0.089451 0.025875
0 0.551219 0.490860 0.062922 0.021361
0 0.303110 0.172186 0.027347 0.020555
0 0.699508 0.490482 0.083369 0.025932
1 0.257268 0.466597 0.017908 0.023415
0 0.632557 0.329532 0.063906 0.021618
0 0.694904 0.815720 0.040599 0.021291
1 0.458477 0.761843 0.026310 0.026484
0 0.258106 0.256309 0.083330 0.028067
1 0.637636 0.455651 0.017403 0.024599
0 0.257273 0.725714 0.122099 0.033081
1 0.601175 0.617682 0.029034 0.025562
0 0.389134 0.648560 0.139152 0.032148
0 0.405328 0.251180 0.129769 0.027450
0 0.543833 0.569065 0.083870 0.023313
0 0.204671 0.252984 0.025339 0.016308
1 0.684128 0.134389 0.009240 0.008235
1 0.792632 0.631807 0.019977 0.023845
1 0.294209 0.204731 0.019061 0.025024
1 0.593815 0.523436 0.012832 0.024714
1 0.538522 0.458323 0.031140 0.029178
0 0.555786 0.650736 0.048707 0.020943
1 0.667682 0.201791 0.017829 0.024300
1 0.491261 0.307021 0.018373 0.018997
0 0.251464 0.647065 0.129078 0.033087
0 0.234505 0.414415 0.093886 0.033200
1 0.774503 0.537011 0.018642 0.025357
1 0.296307 0.527106 0.025909 0.022379
0 0.424997 0.729093 0.066829 0.026599
1 0.218722 0.466415 0.019128 0.024384
1 0.739979 0.631869 0.018685 0.024709
0 0.715559 0.414297 0.057228 0.025675
1 0.562621 0.697984 0.027615 0.027261
1 0.242387 0.218011 0.016341 0.023877
1 0.487382 0.687651 0.022116 0.026071
1 0.512487 0.205088 0.012939 0.024651
0 0.392152 0.172677 0.034238 0.020238
0 0.606981 0.248053 0.041831 0.021456
0 0.746284 0.300539 0.053154 0.022944
0 0.601774 0.411675 0.041284 0.020945
0 0.520833 0.327813 0.025368 0.026215
1 0.287285 0.310751 0.020695 0.022375
1 0.492933 0.612598 0.017987 0.032373
0 0.607460 0.570453 0.037345 0.020233
1 0.370078 0.230846 0.021472 0.025197
1 0.564237 0.448753 0.019818 0.024926
1 0.763272 0.712270 0.018980 0.021332
1 0.603812 0.211923 0.023702 0.018768
1 0.395915 0.546922 0.016260 0.020021
1 0.261436 0.387943 0.021419 0.015448
0 0.798721 0.656084 0.039439 0.021714
0 0.600669 0.171542 0.031342 0.018656
1 0.654434 0.537178 0.018072 0.024194
1 0.447485 0.213586 0.034158 0.018029
1 0.779392 0.793434 0.019532 0.023051
0 0.634843 0.301081 0.051445 0.023452
0 0.376280 0.726101 0.031418 0.020358
0 0.355549 0.570982 0.032567 0.015132
0 0.769483 0.271466 0.041010 0.021056
0 0.487341 0.489320 0.058251 0.023078
0 0.213253 0.489501 0.048683 0.027450
1 0.546309 0.777150 0.019897 0.024547
1 0.731710 0.470266 0.011948 0.010536
0 0.732336 0.271907 0.031708 0.020401
1 0.281364 0.762473 0.008389 0.011868
1 0.273526 0.217544 0.021370 0.024839
1 0.448957 0.696753 0.028168 0.029104
1 0.341005 0.626189 0.019544 0.023311
0 0.655079 0.248843 0.050511 0.021737
1 0.569405 0.138428 0.020844 0.027101
1 0.696125 0.548102 0.018268 0.021390
0 0.625307 0.812738 0.055309 0.026719
1 0.333292 0.230213 0.027906 0.022632
1 0.276511 0.127403 0.029210 0.025644
1 0.636126 0.133222 0.028229 0.016237
1 0.609098 0.456165 0.033269 0.024443
1 0.645304 0.213438 0.023171 0.022006
1 0.497020 0.775402 0.020649 0.023887
1 0.394034 0.614929 0.024650 0.029174
1 0.746118 0.533379 0.022558 0.016870
1 0.300103 0.389943 0.010044 0.009534
1 0.188161 0.197947 0.020974 0.014493
1 0.304959 0.127394 0.021817 0.026280
0 0.415112 0.571375 0.090272 0.017560
0 0.334374 0.725594 0.037245 0.021055
1 0.760596 0.123837 0.016901 0.030412
1 0.517531 0.377034 0.028702 0.024779
0 0.592562 0.273570 0.035379 0.027176
0 0.591593 0.301502 0.032733 0.020955
1 0.567571 0.770843 0.009088 0.010368
1 0.532192 0.705532 0.021776 0.016218
1 0.317313 0.747957 0.026905 0.030708
1 0.789032 0.707563 0.009289 0.011784
0 0.554725 0.331381 0.043368 0.022258
1 0.760056 0.211697 0.012510 0.021960
1 0.668412 0.135645 0.022542 0.022818
1 0.734206 0.199814 0.011837 0.024956
1 0.542470 0.632194 0.018438 0.017371
1 0.489439 0.137994 0.017716 0.022262
1 0.566378 0.209742 0.021373 0.021080
1 0.336388 0.376925 0.017034 0.023213
0 0.587939 0.330286 0.025933 0.017801
1 0.195380 0.682368 0.013993 0.011863
1 0.448561 0.293255 0.014254 0.015376
1 0.453066 0.125630 0.030118 0.023026
0 0.776722 0.490076 0.074456 0.026840
1 0.612017 0.765714 0.013080 0.025066
1 0.608332 0.378687 0.017666 0.025828
1 0.422266 0.710580 0.017996 0.017830
1 0.770458 0.464012 0.008389 0.012223
1 0.393850 0.683662 0.021850 0.019834
1 0.601958 0.147558 0.019300 0.020082
1 0.371775 0.466912 0.018171 0.025134
1 0.327124 0.307913 0.023122 0.018156
1 0.218964 0.390268 0.018102 0.023335
0 0.493622 0.651388 0.070501 0.015869
0 0.702148 0.300260 0.034538 0.022210
1 0.332613 0.135181 0.015656 0.016610
1 0.342820 0.692879 0.020003 0.024874
1 0.676874 0.629238 0.020960 0.021740
1 0.733785 0.793452 0.017966 0.022756
1 0.591066 0.386688 0.019594 0.016501
0 0.802477 0.273163 0.024364 0.017212
1 0.731186 0.122489 0.018806 0.023610
1 0.280458 0.466918 0.019347 0.024290
1 0.192408 0.372847 0.013685 0.011972
1 0.410000 0.229940 0.025320 0.020718
1 0.649210 0.629006 0.017204 0.020983
1 0.540014 0.125151 0.023998 0.026874
1 0.483203 0.546835 0.016865 0.019272
1 0.362058 0.140826 0.015669 0.013786
1 0.564915 0.633609 0.018146 0.019404
1 0.557231 0.388037 0.016230 0.018847
1 0.310633 0.466922 0.020049 0.025918
1 0.710538 0.212155 0.015914 0.022130
0 0.672619 0.302421 0.023833 0.017930
0 0.775012 0.819648 0.065146 0.026984
1 0.265871 0.309656 0.021736 0.022447
1 0.375438 0.689568 0.019291 0.016674
1 0.360161 0.307560 0.020685 0.016378
1 0.216438 0.624841 0.019579 0.025049
1 0.766415 0.387534 0.020923 0.020278
0 0.401546 0.332971 0.127846 0.016746
1 0.466259 0.372197 0.024231 0.028568
1 0.266968 0.533153 0.026224 0.021491
1 0.418969 0.121244 0.025321 0.013325
1 0.211093 0.691089 0.025351 0.027573
1 0.440008 0.623195 0.020812 0.015932
0 0.515164 0.251800 0.088570 0.016016
1 0.259277 0.701404 0.018425 0.019889
1 0.194490 0.449574 0.013217 0.012146
1 0.207907 0.127937 0.029553 0.024119
1 0.703272 0.394159 0.019035 0.018502
1 0.540424 0.387820 0.017128 0.018380
1 0.715980 0.547588 0.017312 0.020496
1 0.628775 0.629086 0.018955 0.021788
1 0.789636 0.388183 0.019250 0.020286
1 0.755848 0.465555 0.016968 0.016153
1 0.367098 0.626097 0.018453 0.024759
0 0.550045 0.280886 0.056837 0.036958
1 0.520719 0.776502 0.022356 0.023091
0 0.230637 0.778455 0.082618 0.079519
1 0.483189 0.386899 0.013945 0.017704
1 0.187953 0.146078 0.012413 0.009514
0 0.898673 0.455936 0.096572 0.045030
0 0.739967 0.170152 0.083232 0.017160
1 0.784212 0.135171 0.014843 0.023157
1 0.799030 0.548416 0.017341 0.019546
1 0.433899 0.383650 0.008963 0.011589
1 0.195481 0.605042 0.013565 0.011714
1 0.232177 0.699856 0.017227 0.018369
0 0.790672 0.334151 0.026984 0.016026
0 0.651568 0.273914 0.078674 0.022372
0 0.662043 0.816858 0.023046 0.016628
1 0.635904 0.778581 0.013950 0.025112
0 0.317569 0.255259 0.036671 0.016862
1 0.191950 0.118103 0.022496 0.014735
1 0.410972 0.542834 0.010062 0.012289
0 0.730702 0.817323 0.028946 0.023169
0 0.219922 0.174357 0.058989 0.017384
0 0.215060 0.545866 0.071600 0.085204
0 0.477389 0.412342 0.030725 0.014669
1 0.367864 0.532845 0.013864 0.022312
0 0.419484 0.488380 0.052868 0.024987
1 0.482834 0.213202 0.023186 0.016950
1 0.618628 0.537486 0.010091 0.024573
1 0.475791 0.451298 0.019945 0.016734
1 0.497659 0.445051 0.027455 0.018897
1 0.324558 0.700262 0.019561 0.015960
1 0.283930 0.701428 0.016910 0.020623
0 0.702047 0.272142 0.027575 0.022382
0 0.782202 0.251109 0.073633 0.013522
1 0.391635 0.136862 0.017055 0.018574
1 0.668721 0.367137 0.026847 0.017099
1 0.354282 0.527684 0.021034 0.021972
1 0.228697 0.128518 0.013456 0.029947
1 0.300556 0.701648 0.016764 0.019480
1 0.664607 0.785986 0.016545 0.021990
1 0.461234 0.619344 0.015592 0.018348
1 0.646855 0.373375 0.017106 0.018491
1 0.377928 0.309687 0.007458 0.009842
1 0.804506 0.219732 0.021342 0.020653
0 0.415118 0.175173 0.017067 0.016221
1 0.187435 0.225658 0.012268 0.011502
1 0.518229 0.309627 0.018268 0.016661
0 0.713759 0.250829 0.066198 0.015547
1 0.384938 0.304335 0.009055 0.009066
1 0.580134 0.469490 0.012065 0.011604
1 0.267492 0.761864 0.017079 0.011911
1 0.636864 0.540733 0.010373 0.019145
1 0.394708 0.297024 0.013563 0.021377
1 0.805938 0.146623 0.012570 0.023043
1 0.278452 0.737013 0.023087 0.015084
1 0.409790 0.293522 0.015628 0.017923
1 0.813622 0.463832 0.013451 0.010753
1 0.812918 0.628003 0.011618 0.012107
1 0.817053 0.545199 0.016324 0.010712
1 0.812167 0.385382 0.011491 0.010760
0 0.571351 0.251510 0.027008 0.012596
1 0.257932 0.293749 0.010462 0.011545
1 0.197060 0.225572 0.009026 0.008821
0 0.752891 0.170016 0.113214 0.018160
1 0.535823 0.199815 0.012757 0.017043
1 0.410129 0.135098 0.019780 0.014907
1 0.740668 0.482105 0.010085 0.010021
1 0.251284 0.526948 0.014949 0.010143
1 0.252786 0.503400 0.022927 0.011149
2 0.695618 0.284350 0.239541 0.012488
2 0.392512 0.304452 0.257187 0.010717
2 0.694657 0.311732 0.238980 0.012101
2 0.507199 0.715999 0.618175 0.017938
2 0.500906 0.690371 0.618126 0.018510
2 0.555188 0.758008 0.493080 0.014570
2 0.553117 0.771638 0.488801 0.015059
2 0.509659 0.461503 0.612085 0.017318
2 0.495187 0.635803 0.608993 0.018678
2 0.530906 0.515827 0.569143 0.016083
2 0.391396 0.277675 0.259648 0.010652
2 0.496314 0.235540 0.617399 0.021169
2 0.557104 0.704376 0.496859 0.014049
2 0.397526 0.316353 0.256279 0.012224
2 0.541803 0.743995 0.497050 0.012410
2 0.508912 0.157782 0.637993 0.016449
2 0.540515 0.784375 0.495346 0.013550
2 0.505917 0.433195 0.627530 0.019166
2 0.499744 0.143702 0.632280 0.018285
2 0.493854 0.609357 0.608495 0.016692
2 0.539902 0.797541 0.493296 0.014660
2 0.391851 0.291730 0.252360 0.010946
2 0.549925 0.768108 0.539663 0.016163
2 0.495213 0.208757 0.624571 0.020406
2 0.508516 0.119508 0.644903 0.019707
2 0.514991 0.595665 0.631750 0.019785
2 0.413215 0.290763 0.223066 0.009179
2 0.542303 0.742130 0.542649 0.017023
2 0.509498 0.556038 0.594636 0.018021
2 0.420760 0.303618 0.207937 0.009154
2 0.505945 0.395656 0.638352 0.022616
2 0.493599 0.356566 0.632037 0.020270
2 0.502426 0.687337 0.629214 0.015548
2 0.557341 0.502874 0.497427 0.014352
2 0.505188 0.476552 0.600553 0.017290
2 0.503033 0.675559 0.617757 0.017967
2 0.540959 0.397552 0.497691 0.015554
2 0.557143 0.717832 0.496819 0.013444
2 0.500001 0.390793 0.630633 0.019645
2 0.519056 0.532322 0.581790 0.017629
2 0.541460 0.529805 0.498076 0.013440
2 0.494687 0.372406 0.620044 0.016295
2 0.541240 0.371309 0.496882 0.013558
2 0.501468 0.223422 0.616418 0.019333
2 0.557304 0.690575 0.497195 0.013314
2 0.489587 0.133613 0.635127 0.015404
2 0.493712 0.435672 0.634228 0.013778
2 0.518125 0.528580 0.572497 0.021262
2 0.502591 0.624587 0.617410 0.015573
2 0.541339 0.357912 0.496515 0.012683
2 0.495481 0.383306 0.625372 0.019933
2 0.522518 0.343820 0.556389 0.017777
2 0.432750 0.316255 0.184536 0.009215
2 0.506967 0.473375 0.603392 0.018503
2 0.540890 0.384561 0.496523 0.013175
2 0.494569 0.234992 0.632434 0.014663
2 0.503587 0.678642 0.618971 0.015551
2 0.528128 0.773931 0.560202 0.014273
2 0.541584 0.555486 0.497566 0.012982
2 0.441926 0.302890 0.160762 0.009417
2 0.525306 0.702436 0.497432 0.013170
2 0.523161 0.537803 0.582966 0.016467
2 0.540592 0.596075 0.496888 0.014186
2 0.524727 0.197900 0.497601 0.014358
2 0.556709 0.544198 0.495222 0.014062
2 0.563650 0.118946 0.478034 0.012637
2 0.491864 0.209705 0.636431 0.014229
2 0.557176 0.676965 0.496219 0.014170
2 0.525296 0.516196 0.498293 0.012582
2 0.541065 0.475006 0.497348 0.014788
2 0.400103 0.289151 0.251632 0.012267
2 0.541162 0.582480 0.496722 0.012807
2 0.517484 0.769631 0.481104 0.010116
2 0.583319 0.104765 0.458360 0.013473
2 0.540463 0.610132 0.496411 0.014178
2 0.496446 0.375235 0.630524 0.014019
2 0.516682 0.756396 0.482453 0.010491
2 0.517795 0.712649 0.644799 0.013254
1 0.246253 0.122198 0.021876 0.012905
1 0.346819 0.134784 0.011894 0.018003
1 0.374536 0.140759 0.009133 0.013064
1 0.690254 0.130323 0.009345 0.008444
1 0.698431 0.122995 0.009558 0.025969
1 0.712024 0.121959 0.016779 0.024854
1 0.743139 0.129128 0.007646 0.008922
1 0.747600 0.135899 0.008496 0.009081
1 0.769476 0.134386 0.008071 0.007966
1 0.773511 0.141635 0.008496 0.008763
1 0.795600 0.142033 0.007221 0.009878
1 0.794432 0.153982 0.010832 0.008603
1 0.787741 0.221613 0.012743 0.013223
1 0.776697 0.231889 0.009345 0.007966
1 0.770432 0.221533 0.009558 0.012108
1 0.744201 0.205761 0.008920 0.008922
1 0.748237 0.212691 0.008920 0.008125
1 0.723706 0.209903 0.009133 0.015613
1 0.693334 0.220816 0.006584 0.008444
1 0.698750 0.214443 0.008071 0.007807
1 0.678148 0.214045 0.010195 0.008922
1 0.682502 0.221374 0.008708 0.008922
1 0.546572 0.218028 0.019328 0.024535
1 0.520767 0.217311 0.009770 0.008444
1 0.527882 0.224003 0.010407 0.007807
1 0.498360 0.218506 0.021027 0.023898
1 0.387598 0.225357 0.013593 0.014657
1 0.306571 0.215798 0.009133 0.008603
1 0.314855 0.225357 0.018053 0.011152
1 0.202394 0.218187 0.008920 0.007329
1 0.212907 0.218267 0.014655 0.020871
1 0.300731 0.312663 0.010195 0.008285
1 0.305934 0.321904 0.010407 0.008285
1 0.343634 0.308123 0.009345 0.014817
1 0.425829 0.296413 0.015717 0.022623
1 0.437722 0.291076 0.007646 0.007488
1 0.463422 0.297528 0.014443 0.024854
1 0.535209 0.299042 0.012319 0.010037
1 0.474678 0.303901 0.008071 0.010515
1 0.276093 0.391048 0.009770 0.010196
1 0.280872 0.403634 0.009558 0.009878
1 0.308908 0.385950 0.008708 0.009559
1 0.319740 0.377586 0.015080 0.022783
1 0.442820 0.377745 0.011044 0.009081
1 0.451846 0.370655 0.009558 0.008922
1 0.494006 0.390570 0.006372 0.010196
1 0.622927 0.371691 0.014018 0.024057
1 0.776697 0.456289 0.007646 0.008763
1 0.788166 0.457006 0.016566 0.026128
1 0.800060 0.462901 0.005947 0.011152
1 0.744626 0.463060 0.007221 0.008285
1 0.709369 0.465768 0.015292 0.017525
1 0.722113 0.466406 0.008496 0.019437
1 0.678573 0.454696 0.008920 0.009718
1 0.683670 0.463379 0.011469 0.010196
1 0.578537 0.449757 0.009345 0.010674
1 0.426466 0.456369 0.020389 0.027721
1 0.199633 0.424186 0.024637 0.012427
1 0.197934 0.343332 0.022938 0.013223
1 0.336837 0.521371 0.009770 0.007329
1 0.339811 0.529416 0.008920 0.008763
1 0.381758 0.548295 0.010832 0.007010
1 0.377297 0.535550 0.007434 0.007329
1 0.417652 0.536187 0.009133 0.009559
1 0.427421 0.536586 0.014230 0.023101
1 0.434643 0.535072 0.007434 0.008603
1 0.440802 0.542321 0.011681 0.008444
1 0.455669 0.535391 0.022726 0.021349
1 0.495174 0.550207 0.007434 0.011471
1 0.555280 0.522008 0.009558 0.010515
1 0.566431 0.522327 0.013593 0.024535
1 0.605723 0.523203 0.008496 0.007807
1 0.608909 0.530292 0.006372 0.007329
1 0.626750 0.536108 0.008071 0.007807
1 0.628767 0.544313 0.007858 0.009240
1 0.668484 0.543675 0.008283 0.009240
1 0.511209 0.625007 0.015292 0.014817
1 0.519811 0.629309 0.007009 0.008444
1 0.473085 0.615528 0.007434 0.009878
1 0.480307 0.609553 0.007858 0.007169
1 0.449404 0.612820 0.007221 0.006691
1 0.414147 0.608438 0.015292 0.012586
1 0.199845 0.578247 0.023788 0.012427
1 0.199845 0.657907 0.022513 0.011152
1 0.356802 0.685628 0.012743 0.021986
1 0.409156 0.687460 0.009133 0.010993
1 0.502289 0.688575 0.007646 0.007807
1 0.507705 0.695187 0.009982 0.008285
1 0.707883 0.693116 0.008496 0.009878
1 0.719458 0.693355 0.017628 0.024376
1 0.734113 0.689850 0.012531 0.016728
1 0.797193 0.701719 0.008283 0.009240
1 0.809936 0.700843 0.017204 0.024376
1 0.821936 0.707933 0.007221 0.011471
1 0.704697 0.787831 0.008071 0.009400
1 0.621758 0.765606 0.009558 0.008285
1 0.624520 0.773094 0.007434 0.007010
1 0.647139 0.778750 0.008920 0.008125
1 0.652980 0.786795 0.008283 0.007329
1 0.582891 0.763535 0.021876 0.024854
1 0.293934 0.756206 0.019115 0.021986