0 0.870734 0.667419 0.122979 0.042453
0 0.571113 0.671869 0.144515 0.044295
0 0.382772 0.472283 0.133950 0.041064
0 0.373721 0.575617 0.159430 0.046160
0 0.236349 0.273045 0.166977 0.042927
0 0.412338 0.770194 0.139613 0.049687
0 0.460794 0.961563 0.182735 0.046663
0 0.089554 0.274912 0.119929 0.040572
0 0.569818 0.177265 0.114179 0.043662
0 0.691308 0.177588 0.131366 0.048224
0 0.260625 0.872041 0.188132 0.050368
0 0.369192 0.669604 0.128946 0.039725
1 0.075060 0.232788 0.035794 0.030275
0 0.271263 0.670039 0.067101 0.037357
0 0.539932 0.473087 0.101019 0.037767
0 0.375880 0.176163 0.196319 0.052293
0 0.117505 0.027528 0.120775 0.046209
0 0.284592 0.075052 0.178453 0.046537
0 0.070048 0.670443 0.078436 0.037499
0 0.826924 0.082777 0.068391 0.040071
0 0.469802 0.473458 0.043704 0.033529
0 0.098250 0.868868 0.136046 0.041391
0 0.641155 0.969693 0.064611 0.030837
0 0.468046 0.669390 0.063417 0.038812
0 0.609561 0.375515 0.100280 0.037676
0 0.117871 0.080532 0.152419 0.056657
0 0.258625 0.768847 0.168720 0.041748
0 0.260654 0.572667 0.071073 0.046525
0 0.232095 0.028295 0.117840 0.052388
0 0.442420 0.276430 0.115595 0.039975
0 0.700404 0.673079 0.108112 0.042615
0 0.900123 0.474677 0.077034 0.036982
0 0.658621 0.279130 0.046726 0.033598
0 0.821038 0.279426 0.102002 0.048489
0 0.758477 0.080680 0.070392 0.042449
0 0.693359 0.080686 0.060812 0.042709
0 0.340035 0.024662 0.106454 0.048772
0 0.463276 0.032105 0.148003 0.053231
0 0.166391 0.668268 0.117440 0.042061
0 0.761024 0.471811 0.055805 0.044997
0 0.731364 0.765786 0.187611 0.046316
0 0.687371 0.473618 0.094644 0.040091
0 0.214417 0.175972 0.131873 0.048140
0 0.089775 0.570130 0.112916 0.040575
0 0.452421 0.870381 0.190656 0.046690
0 0.089440 0.173102 0.122041 0.048978
0 0.419707 0.374393 0.212309 0.050256
0 0.130364 0.964951 0.186245 0.059921
0 0.875952 0.376487 0.079587 0.034881
1 0.146920 0.338934 0.046753 0.033927
1 0.269083 0.617861 0.040919 0.025897
0 0.531409 0.079971 0.174302 0.050664
0 0.745870 0.374771 0.172717 0.046821
1 0.879383 0.412842 0.024466 0.034701
0 0.137662 0.768776 0.069613 0.042950
0 0.184835 0.569853 0.075426 0.041244
1 0.436544 0.333878 0.047560 0.032514
0 0.582607 0.966655 0.055759 0.027634
0 0.634012 0.866896 0.081468 0.043661
0 0.219750 0.472496 0.196020 0.046506
1 0.079686 0.716357 0.026667 0.033936
1 0.412466 0.902873 0.024285 0.031570
1 0.144623 0.716667 0.030603 0.034505
1 0.428985 0.618939 0.036205 0.025786
0 0.640249 0.941673 0.037028 0.025123
0 0.037773 0.028169 0.044423 0.037044
1 0.335930 0.816685 0.038938 0.025781
1 0.477980 0.524045 0.026192 0.034598
0 0.564552 0.572840 0.086182 0.036909
1 0.696031 0.834905 0.028975 0.036030
0 0.066965 0.769486 0.071871 0.044226
1 0.721973 0.139201 0.029045 0.031982
0 0.693096 0.575599 0.173584 0.057312
0 0.571730 0.867726 0.047220 0.034003
0 0.789325 0.179464 0.067807 0.043216
1 0.393824 0.333989 0.029066 0.032435
0 0.808264 0.475125 0.044706 0.035354
0 0.543289 0.377165 0.032683 0.030942
1 0.802408 0.238100 0.045982 0.032393
0 0.814392 0.941048 0.034574 0.021794
1 0.833190 0.139494 0.028678 0.032771
0 0.495079 0.179211 0.043514 0.035869
0 0.895511 0.081653 0.074629 0.043681
1 0.345364 0.634792 0.027038 0.032027
0 0.478512 0.573513 0.033724 0.033310
1 0.665409 0.715228 0.025323 0.032771
1 0.664153 0.411806 0.025339 0.032783
1 0.291066 0.715412 0.025301 0.031384
1 0.244241 0.912578 0.025477 0.032952
1 0.127230 0.515741 0.026323 0.033558
1 0.275457 0.814521 0.028412 0.034453
0 0.783660 0.966980 0.148557 0.031373
1 0.414094 0.135157 0.027032 0.032397
0 0.615818 0.470661 0.054670 0.041023
1 0.121197 0.133848 0.029961 0.032320
1 0.103472 0.821419 0.048859 0.033841
1 0.808840 0.337640 0.023594 0.035066
0 0.681747 0.895308 0.057755 0.025718
1 0.467541 0.637827 0.045150 0.036931
0 0.807670 0.894554 0.049258 0.020071
1 0.252355 0.119938 0.048174 0.033630
0 0.267460 0.372666 0.092152 0.040157
1 0.570972 0.821038 0.026942 0.035097
1 0.719819 0.517823 0.023202 0.032568
1 0.395252 0.432992 0.028787 0.035187
1 0.718566 0.706870 0.021383 0.031009
1 0.325483 0.721129 0.027217 0.033993
0 0.690238 0.944824 0.064632 0.025884
0 0.847933 0.475368 0.032377 0.031948
0 0.777209 0.669740 0.044835 0.034851
1 0.507778 0.729084 0.045256 0.031736
1 0.660185 0.509011 0.024341 0.030260
0 0.860225 0.894319 0.057964 0.022081
0 0.786272 0.867439 0.223056 0.041266
1 0.418380 0.820919 0.028870 0.035410
1 0.543130 0.348444 0.028503 0.030916
1 0.682431 0.315524 0.024065 0.032543
1 0.504689 0.820374 0.029534 0.035346
0 0.890473 0.966262 0.064803 0.025327
1 0.934118 0.239097 0.038830 0.035391
1 0.512679 0.524299 0.042007 0.035954
1 0.507253 0.222169 0.016741 0.032353
1 0.440730 0.909244 0.024325 0.031724
1 0.788066 0.133361 0.027494 0.035463
1 0.347180 0.425268 0.026505 0.034676
1 0.098619 0.501983 0.027286 0.032990
1 0.127611 0.614868 0.026541 0.031831
1 0.795640 0.722450 0.041913 0.036893
1 0.164775 0.628421 0.026571 0.030989
1 0.691931 0.714301 0.025983 0.030955
1 0.345985 0.925102 0.028896 0.034536
1 0.747079 0.827973 0.026612 0.032632
0 0.693067 0.965576 0.037874 0.027973
1 0.908327 0.413482 0.025444 0.034448
1 0.796468 0.838003 0.047405 0.028576
1 0.376089 0.723866 0.050037 0.035832
1 0.653826 0.820446 0.025575 0.034185
1 0.514614 0.435023 0.025066 0.035477
1 0.782219 0.328996 0.028043 0.033394
1 0.167363 0.509990 0.025577 0.036924
0 0.588002 0.943467 0.062971 0.020501
1 0.633463 0.511915 0.023714 0.033463
1 0.199333 0.215960 0.024531 0.041134
0 0.872609 0.181883 0.104989 0.038697
1 0.543774 0.140113 0.031032 0.038164
1 0.793651 0.412077 0.025484 0.030006
1 0.748265 0.512424 0.024769 0.032437
0 0.738711 0.916946 0.046025 0.023928
1 0.595605 0.643081 0.026924 0.029268
1 0.105077 0.332005 0.030486 0.033592
1 0.197687 0.821225 0.057632 0.035842
1 0.701428 0.413345 0.026848 0.035031
0 0.901836 0.282750 0.058446 0.041332
0 0.601031 0.918876 0.094178 0.025961
0 0.073914 0.372277 0.093599 0.039987
1 0.273510 0.229902 0.026552 0.039017
1 0.303458 0.325979 0.038054 0.034870
1 0.594946 0.130186 0.029059 0.034374
0 0.726525 0.277356 0.090963 0.044614
1 0.844423 0.252589 0.028404 0.029785
1 0.740210 0.712987 0.022178 0.028781
1 0.753575 0.314582 0.026119 0.033737
1 0.325945 0.135784 0.030908 0.033818
1 0.060687 0.828558 0.028335 0.032320
1 0.469297 0.439270 0.026969 0.033145
1 0.032648 0.716543 0.028045 0.029575
1 0.458039 0.142670 0.026767 0.032698
1 0.373128 0.126226 0.024356 0.032341
1 0.602854 0.433431 0.027448 0.032231
0 0.757857 0.940991 0.076305 0.024785
0 0.172533 0.372266 0.101112 0.041895
1 0.343658 0.326326 0.024497 0.033613
1 0.435926 0.531434 0.028824 0.033417
1 0.499004 0.144700 0.028893 0.035519
1 0.551363 0.441229 0.030523 0.037183
1 0.070745 0.616124 0.027009 0.033726
1 0.707168 0.315017 0.025152 0.033104
1 0.129688 0.232712 0.024425 0.031103
1 0.877660 0.140967 0.026245 0.033636
1 0.025634 0.834103 0.041281 0.030483
1 0.428127 0.728980 0.025868 0.033468
1 0.033887 0.305130 0.029445 0.027602
1 0.250073 0.729969 0.027798 0.032944
1 0.705385 0.229033 0.038512 0.028464
1 0.433471 0.247884 0.020587 0.024675
0 0.407249 0.078982 0.091371 0.051092
1 0.735607 0.244035 0.022164 0.033954
1 0.172318 0.214579 0.027654 0.035014
1 0.728744 0.323176 0.023428 0.032253
1 0.117843 0.423800 0.027411 0.036707
1 0.697723 0.503788 0.025726 0.032997
1 0.763541 0.720829 0.024979 0.034450
0 0.875228 0.943001 0.090855 0.023558
1 0.033746 0.616106 0.029215 0.029282
1 0.544216 0.538652 0.026648 0.034814
1 0.161958 0.412195 0.027537 0.037260
1 0.479989 0.234671 0.044384 0.041791
1 0.519811 0.636537 0.026478 0.033183
1 0.218242 0.417452 0.026159 0.033733
1 0.055596 0.332627 0.027057 0.030844
1 0.061131 0.133471 0.029950 0.029950
1 0.261173 0.538081 0.030511 0.035583
1 0.540645 0.736078 0.024147 0.034672
1 0.731893 0.042459 0.027883 0.032198
1 0.205351 0.134642 0.030826 0.033656
1 0.907013 0.608554 0.023816 0.031871
1 0.848605 0.427182 0.026496 0.034759
1 0.207438 0.917709 0.044189 0.030956
1 0.248105 0.214054 0.026652 0.032764
1 0.059612 0.507013 0.024018 0.032648
1 0.201986 0.520478 0.026208 0.033178
1 0.346276 0.531138 0.028130 0.033148
0 0.745553 0.894440 0.070154 0.022556
1 0.939710 0.394172 0.041283 0.038565
1 0.670534 0.119082 0.026592 0.033874
1 0.613678 0.742719 0.025898 0.031475
1 0.271557 0.917374 0.025364 0.030796
1 0.822753 0.036484 0.025532 0.035050
1 0.302541 0.236518 0.026640 0.035967
0 0.680868 0.919112 0.071473 0.026950
1 0.033525 0.205878 0.032124 0.027857
1 0.759303 0.230703 0.026428 0.033854
1 0.505469 0.909493 0.023019 0.029594
1 0.657871 0.218584 0.031262 0.024013
1 0.637995 0.336714 0.025959 0.033763
1 0.221610 0.220773 0.025479 0.034690
1 0.302267 0.924753 0.025799 0.033646
0 0.573937 0.770623 0.124781 0.035947
1 0.756108 0.405582 0.024494 0.031259
0 0.901930 0.894520 0.029049 0.023707
1 0.103561 0.232775 0.024270 0.031840
1 0.575889 0.336000 0.038082 0.033613
1 0.141483 0.820937 0.026157 0.035577
1 0.160338 0.820578 0.020502 0.050751
1 0.848430 0.840039 0.027235 0.030679
0 0.600233 0.896446 0.103510 0.026911
1 0.606184 0.335686 0.025434 0.033331
1 0.776660 0.525344 0.025109 0.038473
1 0.847592 0.600119 0.047007 0.027663
1 0.931285 0.026958 0.033649 0.038245
1 0.898711 0.253166 0.026882 0.030869
1 0.270419 0.418481 0.046707 0.036468
1 0.204095 0.743751 0.030720 0.032398
1 0.674664 0.608549 0.016951 0.017171
1 0.608725 0.840287 0.026631 0.030399
1 0.634855 0.425737 0.025980 0.033023
0 0.575249 0.031012 0.082288 0.039355
1 0.168375 0.933613 0.028847 0.034650
1 0.773221 0.037055 0.048851 0.034120
1 0.387601 0.621432 0.025528 0.030322
1 0.022601 0.535832 0.045202 0.030247
0 0.509693 0.573273 0.027791 0.032781
1 0.033925 0.912615 0.023722 0.030582
1 0.273440 0.338685 0.026822 0.033272
1 0.848668 0.043442 0.022771 0.032185
1 0.892580 0.044153 0.028028 0.033610
1 0.523462 0.922795 0.025770 0.031026
1 0.462989 0.902013 0.022097 0.030450
1 0.472073 0.333366 0.021664 0.032149
1 0.582687 0.538237 0.024478 0.033763
1 0.399107 0.253254 0.023643 0.027888
1 0.688094 0.042164 0.027576 0.031880
1 0.426952 0.440226 0.024763 0.029655
1 0.567620 0.744151 0.026269 0.034184
1 0.540909 0.820068 0.015160 0.048646
1 0.479142 0.723461 0.014131 0.057235
1 0.035393 0.501014 0.029637 0.027081
0 0.508363 0.771495 0.035604 0.032791
1 0.488196 0.895677 0.023231 0.028497
0 0.357663 0.250510 0.077905 0.105909
0 0.843706 0.918228 0.161376 0.026236
1 0.882034 0.818451 0.015713 0.052282
1 0.447551 0.727192 0.016949 0.015522
1 0.931343 0.606770 0.029459 0.022408
1 0.093172 0.408513 0.022091 0.036284
1 0.939548 0.140757 0.027840 0.027778
1 0.445207 0.426598 0.019317 0.052252
1 0.186506 0.350927 0.029423 0.029220
1 0.673960 0.013158 0.026667 0.025063
1 0.097970 0.622464 0.017375 0.053341
1 0.048397 0.249499 0.025569 0.034180
1 0.818281 0.410366 0.019745 0.030649
1 0.219901 0.524103 0.013360 0.055581
0 0.307161 0.966353 0.127186 0.040582
1 0.896147 0.138917 0.016261 0.019280
1 0.035059 0.801964 0.028700 0.029444
1 0.677752 0.231462 0.016473 0.052215
1 0.653853 0.329062 0.015731 0.050860
1 0.244089 0.347410 0.033391 0.033492
1 0.937227 0.714921 0.034811 0.028630
0 0.242533 0.966888 0.036556 0.036158
1 0.812355 0.622014 0.016022 0.054663
1 0.924929 0.511084 0.031286 0.031995
1 0.888730 0.520098 0.036416 0.035559
1 0.146813 0.227684 0.015063 0.051707
1 0.632779 0.623077 0.015628 0.051478
1 0.027226 0.335055 0.030649 0.023318
1 0.953705 0.504884 0.033003 0.030435
1 0.601531 0.526894 0.015826 0.053971
1 0.633225 0.726093 0.016034 0.055958
2 0.802349 0.058016 0.266918 0.014217
2 0.802680 0.043314 0.266045 0.011959
2 0.179933 0.233489 0.305641 0.011318
2 0.418515 0.515376 0.785627 0.019810
2 0.186193 0.219102 0.317596 0.012902
2 0.803371 0.027582 0.271426 0.011813
2 0.468412 0.613723 0.872277 0.016953
2 0.655598 0.237996 0.536485 0.014329
2 0.800641 0.013867 0.266074 0.012966
2 0.480189 0.418015 0.827318 0.021169
2 0.458098 0.713181 0.842447 0.017943
2 0.288907 0.939062 0.514048 0.016082
2 0.895954 0.532054 0.081135 0.007670
2 0.287656 0.909420 0.515437 0.014681
2 0.511788 0.616313 0.851731 0.017934
2 0.455256 0.743076 0.847827 0.021145
2 0.451859 0.319130 0.791936 0.019057
2 0.179331 0.248864 0.309015 0.012516
2 0.413723 0.543981 0.786746 0.022829
2 0.456025 0.334979 0.742900 0.016131
2 0.463950 0.643301 0.888035 0.020766
2 0.503121 0.431703 0.850867 0.022502
2 0.443773 0.333603 0.792585 0.022370
2 0.529061 0.138140 0.825055 0.020306
2 0.287286 0.925130 0.528758 0.016790
2 0.178701 0.204708 0.315827 0.012832
2 0.306129 0.895043 0.485574 0.014142
2 0.482939 0.123874 0.899729 0.023562
2 0.895876 0.547013 0.081524 0.008922
2 0.423586 0.530954 0.744737 0.021040
2 0.493675 0.827543 0.946502 0.022389
2 0.655674 0.223506 0.553690 0.019081
2 0.658207 0.209189 0.562724 0.018088
2 0.505186 0.630653 0.856254 0.025071
2 0.895138 0.517722 0.080994 0.007990
2 0.444750 0.415465 0.739888 0.015309
2 0.469102 0.533360 0.666578 0.014463
2 0.500355 0.637371 0.914664 0.024048
2 0.447536 0.134991 0.826428 0.020344
2 0.611304 0.126083 0.646262 0.016127
2 0.426417 0.120104 0.812365 0.021345
2 0.282046 0.895104 0.510672 0.018465
2 0.503220 0.730916 0.972895 0.021937
2 0.422390 0.535795 0.766823 0.024216
2 0.454259 0.444147 0.769224 0.022191
2 0.477824 0.735914 0.914760 0.027925
2 0.395375 0.841027 0.728825 0.017239
2 0.523258 0.107244 0.867991 0.022378
2 0.467767 0.797117 0.874743 0.025233
2 0.465632 0.439919 0.799217 0.024818
2 0.546796 0.433787 0.760860 0.016746
2 0.894938 0.503512 0.082068 0.008791
2 0.492814 0.501722 0.495936 0.014473
2 0.658530 0.222740 0.493061 0.013621
2 0.538103 0.404422 0.791877 0.023394
1 0.031186 0.104915 0.021435 0.024632
1 0.020754 0.138912 0.041508 0.029507
1 0.026933 0.236414 0.027899 0.024375
1 0.476718 0.127879 0.009526 0.049521
1 0.918677 0.132498 0.008846 0.043876
1 0.911192 0.154436 0.014970 0.017448
1 0.390639 0.220506 0.019733 0.026941
1 0.525711 0.220763 0.017692 0.014112
1 0.536768 0.229358 0.015991 0.012829
1 0.576745 0.218197 0.058520 0.021296
1 0.619104 0.217427 0.023476 0.020783
1 0.519416 0.328400 0.009867 0.050290
1 0.492878 0.333788 0.018032 0.015395
1 0.504957 0.349183 0.017692 0.016421
1 0.213039 0.326347 0.008166 0.051317
1 0.073374 0.428211 0.019393 0.012316
1 0.829537 0.422951 0.013609 0.057218
1 0.860498 0.515834 0.017692 0.025402
1 0.204023 0.601918 0.058179 0.023606
1 0.301839 0.623086 0.011568 0.050034
1 0.691233 0.599866 0.016671 0.016421
1 0.714879 0.592681 0.029260 0.024632
1 0.744309 0.599352 0.019393 0.029251
1 0.771527 0.599224 0.019393 0.029507
1 0.788199 0.599096 0.015991 0.014369
1 0.797555 0.613849 0.016331 0.015138
1 0.893500 0.744964 0.022455 0.030020
1 0.917656 0.741757 0.016331 0.029251
1 0.461577 0.736240 0.018032 0.015138
1 0.935178 0.831561 0.042529 0.029764
1 0.547656 0.930474 0.007825 0.084929
1 0.370396 0.917260 0.010547 0.049264
1 0.125259 0.941122 0.023136 0.031303
1 0.050409 0.932142 0.023136 0.031816