0 0.288679 0.733624 0.074214 0.041921
0 0.336478 0.183406 0.157233 0.047162
0 0.776730 0.400000 0.132075 0.036681
0 0.560377 0.181223 0.051572 0.032314
0 0.522642 0.737118 0.134591 0.036681
1 0.758491 0.269432 0.027673 0.025328
0 0.310692 0.510917 0.133333 0.043668
0 0.804403 0.287336 0.094340 0.036681
0 0.725157 0.738865 0.086792 0.031441
0 0.355975 0.401747 0.050314 0.029694
1 0.780503 0.690393 0.028931 0.039301
1 0.722013 0.699563 0.057862 0.040175
0 0.374214 0.737555 0.101887 0.035808
0 0.589308 0.511354 0.114465 0.037555
1 0.761006 0.230131 0.030189 0.025328
0 0.673585 0.617467 0.091824 0.034934
1 0.467925 0.342358 0.027673 0.038428
1 0.542767 0.689520 0.028931 0.037555
0 0.455346 0.290393 0.135849 0.037555
1 0.301822 0.116108 0.037736 0.034061
1 0.576101 0.690393 0.032704 0.021834
1 0.800629 0.581223 0.031447 0.037555
1 0.577987 0.338865 0.028931 0.038428
0 0.635849 0.212227 0.049057 0.036681
0 0.433268 0.509170 0.107048 0.045415
0 0.472956 0.179039 0.110692 0.034934
0 0.633962 0.738428 0.098113 0.034061
0 0.674214 0.400437 0.077987 0.030568
0 0.672956 0.180786 0.191195 0.045415
1 0.415723 0.565502 0.036478 0.020087
1 0.515723 0.469432 0.027673 0.039301
1 0.493711 0.677293 0.028931 0.037555
1 0.613208 0.680349 0.028931 0.040175
0 0.672956 0.506987 0.035220 0.039301
0 0.585535 0.618777 0.089308 0.032314
1 0.376872 0.557642 0.026130 0.041048
0 0.509395 0.508734 0.045206 0.028821
0 0.860312 0.505191 0.037736 0.031441
1 0.618239 0.367249 0.031447 0.037555
1 0.645912 0.555895 0.028931 0.039301
1 0.450314 0.556769 0.027673 0.039301
1 0.616352 0.563319 0.017610 0.062882
0 0.639623 0.291266 0.044025 0.021834
1 0.287519 0.232314 0.021579 0.040175
0 0.336478 0.292140 0.051572 0.030568
1 0.353616 0.106114 0.040769 0.035808
0 0.765059 0.506307 0.153732 0.036681
1 0.292453 0.340611 0.023899 0.033188
1 0.771069 0.445415 0.025157 0.033188
0 0.794969 0.736245 0.057862 0.036681
1 0.483019 0.464192 0.027673 0.041048
0 0.573585 0.286463 0.088050 0.033188
1 0.410063 0.342358 0.027673 0.040175
0 0.444654 0.617031 0.194969 0.042795
0 0.780503 0.613974 0.124528 0.040175
1 0.662893 0.688210 0.045283 0.036681
1 0.635849 0.124454 0.023899 0.037555
1 0.329560 0.351528 0.020126 0.063755
1 0.603269 0.125328 0.041261 0.039301
1 0.447170 0.469869 0.046541 0.034934
1 0.441509 0.679913 0.027673 0.037555
1 0.386098 0.456332 0.012709 0.042795
1 0.350314 0.556769 0.031447 0.025328
1 0.262893 0.383406 0.027673 0.026201
1 0.413208 0.470306 0.028931 0.037555
1 0.845912 0.577293 0.049057 0.029694
1 0.620126 0.471179 0.037736 0.016594
1 0.397277 0.113974 0.042767 0.034061
1 0.835220 0.220087 0.025157 0.031441
0 0.285535 0.292140 0.052830 0.030568
1 0.337736 0.452402 0.028931 0.036681
0 0.804403 0.182096 0.081761 0.027074
0 0.292453 0.401310 0.079245 0.028821
1 0.747799 0.556332 0.044025 0.038428
1 0.264605 0.234543 0.026195 0.035808
1 0.267296 0.122271 0.023899 0.031441
1 0.501887 0.546725 0.030189 0.036681
1 0.656604 0.366812 0.032704 0.017467
1 0.490566 0.242795 0.037736 0.031441
1 0.719497 0.447598 0.027673 0.037555
1 0.840881 0.682969 0.049057 0.027948
1 0.353459 0.342358 0.030189 0.040175
1 0.312579 0.340611 0.023899 0.033188
1 0.818959 0.455409 0.034052 0.038428
1 0.261635 0.481223 0.027673 0.024454
0 0.440881 0.735808 0.036478 0.035808
1 0.811321 0.358515 0.025157 0.034061
1 0.682390 0.446288 0.028931 0.040175
1 0.566038 0.471179 0.035220 0.018341
0 0.635849 0.241993 0.046541 0.028273
1 0.368553 0.456769 0.025157 0.034934
1 0.598742 0.544978 0.030189 0.017467
0 0.507993 0.401310 0.250717 0.044541
1 0.353459 0.679476 0.027673 0.036681
1 0.396855 0.679039 0.026415 0.041048
1 0.330364 0.218295 0.047021 0.029694
1 0.792103 0.453469 0.021656 0.034061
1 0.738365 0.349345 0.027673 0.036681
1 0.776101 0.348035 0.027673 0.035808
1 0.531868 0.122271 0.015094 0.041921
1 0.747903 0.437555 0.024107 0.036681
1 0.289937 0.472052 0.026415 0.039301
1 0.646541 0.461135 0.017610 0.047162
1 0.692453 0.564629 0.033962 0.020087
1 0.815166 0.231972 0.016613 0.040175
1 0.566038 0.546288 0.037736 0.018341
1 0.330189 0.688210 0.016352 0.050655
1 0.538994 0.236681 0.026415 0.036681
1 0.262264 0.670306 0.031447 0.023581
1 0.554088 0.121397 0.023899 0.033188
1 0.790462 0.231441 0.032900 0.038428
1 0.348428 0.599127 0.025157 0.026201
1 0.284906 0.698253 0.031447 0.018341
1 0.436221 0.123748 0.019840 0.011019
1 0.529560 0.348472 0.047799 0.040175
1 0.268553 0.342795 0.031447 0.023581
1 0.691824 0.366376 0.032704 0.020087
1 0.267925 0.446288 0.030189 0.026201
1 0.252201 0.713100 0.031447 0.030568
1 0.843396 0.355022 0.041509 0.021834
1 0.311534 0.697380 0.026842 0.018341
1 0.409205 0.236849 0.016153 0.012705
1 0.871069 0.217904 0.046541 0.023581
1 0.513836 0.240611 0.013836 0.044541
1 0.603145 0.227074 0.013836 0.047162
1 0.679245 0.115721 0.027673 0.018341
1 0.715094 0.360699 0.018868 0.047162
1 0.689101 0.690100 0.010893 0.045415
1 0.561859 0.236370 0.017109 0.011796
1 0.711321 0.114410 0.023899 0.015721
1 0.361267 0.218909 0.016296 0.034317
1 0.847799 0.101747 0.045283 0.021834
1 0.505064 0.125764 0.034027 0.040175
2 0.584906 0.573362 0.493082 0.007860
1 0.738994 0.116594 0.026415 0.018341
2 0.542839 0.426643 0.566038 0.009607
2 0.427044 0.227565 0.330818 0.007860
2 0.541853 0.669576 0.576101 0.014847
1 0.777183 0.125355 0.017702 0.012867
2 0.432075 0.263958 0.348428 0.010274
2 0.432212 0.246187 0.329560 0.010480
1 0.303385 0.226638 0.010543 0.039301
2 0.799929 0.228575 0.094340 0.010418
2 0.798250 0.212880 0.095597 0.010039
2 0.542637 0.321816 0.574843 0.008564
2 0.546573 0.688433 0.587381 0.012227
2 0.547221 0.443231 0.575999 0.011354
2 0.543539 0.480650 0.568553 0.011354
2 0.545224 0.133831 0.563522 0.012227
0 0.849057 0.176419 0.022642 0.013974
2 0.541587 0.462047 0.572327 0.008663
2 0.537665 0.376329 0.566038 0.008734
2 0.543669 0.098064 0.550943 0.012021
2 0.592198 0.554057 0.501887 0.010480
2 0.551513 0.151360 0.568553 0.012894
2 0.584336 0.591973 0.483019 0.012074
0 0.639012 0.268870 0.040288 0.026452
2 0.429067 0.210485 0.340881 0.010472
2 0.541640 0.706367 0.579899 0.010480
2 0.585793 0.536357 0.490273 0.010859
2 0.802516 0.265066 0.090566 0.011354
2 0.800136 0.247239 0.089308 0.008527
2 0.547811 0.652024 0.584906 0.013920
2 0.540304 0.115049 0.552201 0.010859
2 0.531447 0.339612 0.582390 0.010229
0 0.705819 0.252233 0.089622 0.115459
2 0.541454 0.357848 0.568189 0.010209
1 0.446192 0.114339 0.015171 0.011323
1 0.468285 0.114273 0.033945 0.031995
1 0.784597 0.116709 0.016498 0.012903
1 0.797871 0.117170 0.016119 0.033575
1 0.811525 0.116051 0.015360 0.011060
1 0.819490 0.126321 0.014981 0.012113
1 0.569929 0.226455 0.017636 0.012245
1 0.587660 0.226060 0.017067 0.034102
1 0.419384 0.227466 0.014365 0.011892
1 0.439827 0.228297 0.028361 0.035803
1 0.464320 0.230151 0.018785 0.022121
1 0.372791 0.218898 0.014365 0.010869
1 0.385038 0.228169 0.017127 0.013043