0 0.676730 0.293886 0.128302 0.037555
0 0.551572 0.625764 0.137107 0.037555
0 0.681132 0.816157 0.137107 0.032314
0 0.695597 0.514847 0.148428 0.037555
0 0.177987 0.519651 0.066667 0.034934
0 0.405660 0.176419 0.159748 0.036681
0 0.651572 0.743668 0.178616 0.037555
1 0.386164 0.686900 0.030189 0.034061
0 0.228302 0.176856 0.164780 0.042795
0 0.262893 0.634061 0.125786 0.040175
1 0.247799 0.244105 0.037736 0.034061
1 0.503774 0.686463 0.026415 0.036681
1 0.458491 0.593450 0.044025 0.032314
0 0.228302 0.401747 0.164780 0.041921
0 0.405660 0.631004 0.154717 0.034061
1 0.720755 0.792140 0.022642 0.015721
0 0.334143 0.522707 0.109072 0.037555
0 0.284906 0.818341 0.071698 0.026201
0 0.561635 0.291703 0.104403 0.041921
0 0.388679 0.403057 0.155975 0.042795
1 0.416352 0.782969 0.020126 0.027074
1 0.370440 0.219651 0.028931 0.035808
0 0.361635 0.822707 0.079245 0.026201
0 0.354088 0.750218 0.096855 0.031441
0 0.486792 0.293013 0.052830 0.030568
1 0.447799 0.679039 0.027673 0.035808
1 0.755346 0.233624 0.038994 0.021834
0 0.440252 0.818777 0.077987 0.028821
1 0.632704 0.555459 0.025157 0.033188
1 0.347170 0.358079 0.047799 0.033188
1 0.363522 0.100437 0.027673 0.033188
1 0.450943 0.455459 0.028931 0.034061
1 0.570440 0.556769 0.044025 0.034061
1 0.538365 0.780786 0.020126 0.024454
1 0.415094 0.575546 0.045283 0.033188
1 0.567925 0.781659 0.021384 0.026201
1 0.689937 0.793450 0.023899 0.014847
1 0.653459 0.786026 0.021384 0.027948
0 0.226415 0.750655 0.158491 0.039301
0 0.737736 0.405677 0.036478 0.027074
1 0.277358 0.780349 0.038994 0.032314
1 0.228919 0.580737 0.046838 0.041048
1 0.464780 0.782096 0.018868 0.025328
1 0.430189 0.236681 0.032704 0.038428
0 0.673585 0.623581 0.109434 0.036681
0 0.318239 0.292576 0.060377 0.036681
1 0.243396 0.474236 0.049057 0.036681
0 0.403145 0.292140 0.116981 0.039301
0 0.481132 0.751965 0.157233 0.040175
1 0.156286 0.458561 0.028296 0.031531
1 0.187421 0.358079 0.047799 0.031441
1 0.280503 0.358079 0.030189 0.034934
1 0.275472 0.240175 0.017610 0.062882
1 0.701258 0.246288 0.026415 0.033188
1 0.156604 0.573799 0.033962 0.036681
1 0.190566 0.686900 0.041509 0.032314
0 0.683019 0.181223 0.135849 0.034061
1 0.726415 0.694323 0.016352 0.047162
1 0.438365 0.772926 0.018868 0.027948
1 0.392453 0.109170 0.025157 0.034934
0 0.246541 0.522271 0.070440 0.034934
1 0.501887 0.789520 0.020126 0.024454
1 0.305660 0.782969 0.022642 0.027074
1 0.519497 0.574672 0.027673 0.036681
1 0.660377 0.682096 0.030189 0.036681
1 0.384277 0.783843 0.026415 0.014847
1 0.161635 0.691266 0.026415 0.030568
0 0.542767 0.818341 0.134591 0.031441
1 0.627673 0.789520 0.027673 0.017467
1 0.666038 0.444541 0.023899 0.017467
1 0.704403 0.699127 0.030189 0.020087
1 0.595597 0.783406 0.033962 0.036681
1 0.759748 0.672052 0.050314 0.028821
1 0.472956 0.110044 0.020126 0.033188
1 0.405660 0.369432 0.031447 0.019214
1 0.611321 0.251528 0.015094 0.041921
1 0.545283 0.339301 0.023899 0.016594
1 0.621384 0.138865 0.027673 0.026201
1 0.447278 0.100873 0.033745 0.034061
1 0.645283 0.256769 0.050314 0.034934
1 0.410063 0.470306 0.030189 0.035808
1 0.229061 0.366614 0.037321 0.034934
1 0.593711 0.248035 0.027673 0.019214
1 0.322013 0.593886 0.040252 0.033188
1 0.369182 0.587336 0.036478 0.020087
1 0.567296 0.331004 0.025157 0.031441
1 0.242138 0.789956 0.021384 0.027074
0 0.503145 0.515284 0.236478 0.040175
1 0.225786 0.131004 0.033962 0.020961
1 0.276101 0.131441 0.033962 0.020087
1 0.629560 0.442795 0.023899 0.031441
1 0.689308 0.444541 0.025157 0.036681
1 0.340881 0.695633 0.030189 0.034061
1 0.154088 0.789083 0.023899 0.028821
1 0.505031 0.331004 0.023899 0.031441
1 0.316352 0.227948 0.028931 0.036681
1 0.716981 0.432751 0.022642 0.034061
1 0.526415 0.330131 0.026415 0.031441
1 0.650314 0.110480 0.040252 0.041048
1 0.182390 0.474672 0.037736 0.020087
1 0.594340 0.684716 0.038994 0.019214
0 0.550646 0.403057 0.140881 0.032314
1 0.661635 0.554585 0.022642 0.031441
1 0.524528 0.463319 0.032704 0.020087
0 0.190566 0.820087 0.076730 0.027948
1 0.335220 0.101310 0.023899 0.034934
1 0.321384 0.787773 0.016352 0.040175
1 0.744654 0.472926 0.022642 0.034061
1 0.730189 0.109607 0.028931 0.035808
1 0.357233 0.482096 0.027673 0.034934
1 0.211950 0.791703 0.021384 0.028821
1 0.340881 0.782969 0.022642 0.028821
1 0.481761 0.236681 0.035220 0.017467
1 0.738365 0.361572 0.027673 0.040175
1 0.688077 0.553712 0.032757 0.031441
1 0.183648 0.120524 0.037736 0.034934
1 0.605660 0.468122 0.016352 0.048908
1 0.457233 0.368401 0.038994 0.021277
1 0.152201 0.362882 0.027673 0.021834
0 0.741509 0.622271 0.038994 0.023581
1 0.483019 0.578166 0.017610 0.059389
1 0.160377 0.330131 0.033962 0.029694
1 0.289937 0.665939 0.064151 0.028821
1 0.732075 0.448472 0.025157 0.030568
1 0.588109 0.338865 0.027648 0.031441
0 0.252201 0.294760 0.076730 0.032314
0 0.746541 0.597817 0.046541 0.021834
1 0.305660 0.485153 0.035220 0.020087
1 0.528618 0.236274 0.039541 0.036681
1 0.758491 0.792140 0.042767 0.020961
1 0.179249 0.217437 0.068675 0.027063
1 0.311321 0.123144 0.013836 0.055895
1 0.688050 0.108734 0.032704 0.037555
1 0.483019 0.331004 0.022642 0.031441
1 0.177358 0.595197 0.027673 0.032314
1 0.757233 0.112664 0.045283 0.026201
1 0.586164 0.463319 0.032704 0.020087
1 0.147170 0.255459 0.035220 0.028821
1 0.154717 0.116594 0.030189 0.034061
1 0.170440 0.800000 0.031447 0.024454
1 0.316352 0.689520 0.016352 0.037555
1 0.279589 0.586175 0.046541 0.034061
1 0.232075 0.679913 0.044025 0.030568
0 0.241509 0.818341 0.022642 0.022707
1 0.763522 0.373362 0.042767 0.021834
1 0.155975 0.210044 0.027673 0.018341
1 0.718868 0.554585 0.016352 0.012227
1 0.628302 0.096943 0.033962 0.026201
1 0.414526 0.110182 0.022434 0.018592
0 0.745562 0.574325 0.047799 0.022707
2 0.320677 0.129707 0.347170 0.012227
1 0.152201 0.604803 0.027673 0.016594
0 0.176101 0.631441 0.050314 0.045415
2 0.447428 0.211332 0.594370 0.013100
2 0.324386 0.092706 0.354717 0.008734
2 0.435350 0.549086 0.571069 0.011292
2 0.448483 0.228902 0.603196 0.008103
1 0.259119 0.656332 0.017610 0.023581
2 0.444927 0.473560 0.584906 0.013974
1 0.486792 0.119159 0.012579 0.051418
1 0.471069 0.342795 0.016352 0.053275
0 0.179475 0.292140 0.067127 0.028821
0 0.498742 0.175412 0.031447 0.029963
2 0.448078 0.773986 0.600000 0.010186
2 0.445283 0.668433 0.588679 0.016252
2 0.687700 0.118206 0.138365 0.011102
2 0.445503 0.453962 0.576101 0.010480
2 0.682176 0.152328 0.133333 0.008527
2 0.430468 0.568060 0.572327 0.013100
2 0.446529 0.265506 0.583648 0.010274
2 0.441159 0.703188 0.598742 0.016396
2 0.681275 0.135375 0.134591 0.010076
2 0.681696 0.100146 0.133333 0.011373
2 0.446197 0.247420 0.597484 0.011354
2 0.316281 0.148740 0.359748 0.013974
2 0.374914 0.339985 0.464151 0.009607
2 0.370923 0.376378 0.459588 0.011354
2 0.453478 0.437280 0.605052 0.007411
2 0.372160 0.358693 0.447799 0.014847
2 0.442981 0.684572 0.600000 0.014839
2 0.381325 0.322316 0.465250 0.010480
2 0.448766 0.721626 0.589937 0.015675
1 0.606976 0.340704 0.012253 0.042295
1 0.710601 0.556066 0.008752 0.038892
0 0.742284 0.548653 0.053213 0.028439
2 0.323582 0.111122 0.340983 0.010452
2 0.728981 0.324175 0.045511 0.007778
2 0.729156 0.341798 0.045861 0.007535
2 0.732131 0.359907 0.053213 0.008751
2 0.727930 0.378988 0.041310 0.008508
2 0.445761 0.492017 0.599346 0.009966
2 0.422481 0.584749 0.574490 0.007292
2 0.431408 0.602736 0.570639 0.012640
2 0.443136 0.789051 0.589194 0.008508
2 0.447862 0.800597 0.607748 0.009237
0 0.637369 0.025658 0.021604 0.006818
1 0.560839 0.232037 0.023852 0.027058