0 0.245934 0.418253 0.078074 0.024402
0 0.628822 0.332845 0.030579 0.022450
0 0.393299 0.493655 0.035784 0.025866
0 0.334418 0.496340 0.078074 0.025378
0 0.793103 0.333333 0.058556 0.027330
0 0.496747 0.734261 0.121666 0.032699
0 0.330189 0.577355 0.030579 0.022450
0 0.324658 0.821132 0.053351 0.020986
0 0.672088 0.256223 0.104099 0.029283
1 0.389395 0.793314 0.030579 0.029771
0 0.648341 0.409468 0.099545 0.029283
0 0.744958 0.642997 0.072869 0.026842
1 0.527326 0.617618 0.018868 0.025866
0 0.259597 0.660810 0.102798 0.028306
0 0.419649 0.331137 0.054652 0.024890
0 0.332141 0.658614 0.033182 0.021962
1 0.573318 0.623399 0.010657 0.008449
0 0.783344 0.565398 0.075472 0.024890
0 0.645738 0.569058 0.030579 0.022450
0 0.727391 0.569302 0.033832 0.020986
0 0.712752 0.490971 0.039688 0.021474
0 0.440468 0.496340 0.050748 0.027330
0 0.565712 0.253538 0.048796 0.021962
0 0.625895 0.490727 0.037736 0.024890
1 0.559857 0.766471 0.027977 0.028795
1 0.331165 0.611030 0.020820 0.026354
1 0.365973 0.610298 0.022772 0.031723
0 0.358816 0.252806 0.050098 0.024402
1 0.679896 0.759639 0.019519 0.026842
0 0.604099 0.808443 0.116461 0.029771
0 0.457710 0.654466 0.100846 0.028306
0 0.560182 0.331869 0.104099 0.027330
1 0.455433 0.702294 0.031230 0.027330
1 0.620364 0.299414 0.020169 0.025866
1 0.765777 0.534651 0.029928 0.024890
0 0.565062 0.174231 0.098243 0.025378
0 0.733572 0.803075 0.135979 0.029771
1 0.375732 0.142509 0.026675 0.027330
0 0.249512 0.498292 0.085231 0.025378
0 0.696487 0.331625 0.104750 0.026842
0 0.378334 0.658126 0.059206 0.031723
0 0.682173 0.544656 0.059206 0.076135
0 0.264151 0.578575 0.040338 0.024890
0 0.771633 0.253050 0.096291 0.024890
1 0.234548 0.704734 0.034483 0.018546
0 0.386792 0.573939 0.081327 0.029283
0 0.220885 0.173987 0.038386 0.021962
1 0.330839 0.530259 0.021470 0.026842
1 0.463891 0.787945 0.019519 0.028795
0 0.411841 0.175451 0.118412 0.025866
0 0.784971 0.489507 0.089135 0.026354
1 0.433902 0.382129 0.020887 0.027488
0 0.523422 0.813080 0.042290 0.025378
1 0.486988 0.153734 0.017567 0.023426
0 0.812297 0.641288 0.061809 0.028306
0 0.581327 0.492435 0.046194 0.021474
1 0.559532 0.291118 0.037736 0.032699
1 0.808393 0.601513 0.030579 0.030747
1 0.730969 0.613958 0.018868 0.027330
1 0.582303 0.457296 0.024723 0.018546
1 0.767729 0.457784 0.018217 0.027330
0 0.226090 0.581259 0.034483 0.022450
0 0.298959 0.578331 0.027977 0.022450
1 0.683610 0.288186 0.018830 0.027889
0 0.427781 0.815764 0.143787 0.028795
0 0.513663 0.253050 0.054001 0.024890
1 0.559915 0.365037 0.024789 0.036603
1 0.289850 0.232552 0.018868 0.024890
1 0.605725 0.538067 0.019519 0.027818
0 0.729343 0.173743 0.058556 0.023426
0 0.657775 0.173255 0.081978 0.026354
1 0.711776 0.757687 0.020820 0.025866
0 0.773260 0.725476 0.093038 0.030747
0 0.582954 0.727428 0.033832 0.023914
0 0.434938 0.255246 0.100846 0.028306
1 0.263826 0.221083 0.029278 0.026354
0 0.668185 0.491947 0.049447 0.021474
0 0.313273 0.336018 0.055303 0.021962
1 0.265127 0.459980 0.026675 0.019034
1 0.505856 0.154954 0.017567 0.025866
1 0.360381 0.372133 0.021999 0.033675
0 0.718933 0.411176 0.026025 0.020986
0 0.630124 0.727428 0.027977 0.020010
0 0.419649 0.413128 0.065062 0.025866
1 0.589785 0.299658 0.020169 0.026354
0 0.823032 0.799658 0.044242 0.022938
0 0.306116 0.416301 0.043591 0.016593
1 0.762524 0.609810 0.036435 0.019034
0 0.537736 0.652269 0.047495 0.023914
1 0.298634 0.531967 0.019519 0.028306
1 0.594340 0.762567 0.018868 0.025866
1 0.628172 0.762079 0.017567 0.026842
0 0.295055 0.175207 0.111256 0.029283
1 0.793103 0.227672 0.022121 0.025866
0 0.357840 0.413372 0.053351 0.028306
1 0.651147 0.214007 0.029685 0.022938
1 0.614183 0.367008 0.027326 0.026354
0 0.604099 0.256711 0.030579 0.014641
1 0.582077 0.704490 0.026874 0.021962
0 0.493169 0.175939 0.042941 0.020986
1 0.596054 0.198618 0.017611 0.032211
1 0.270007 0.141532 0.018217 0.027330
0 0.662980 0.647633 0.083279 0.025378
0 0.229343 0.742069 0.035784 0.027818
1 0.753741 0.223280 0.040989 0.019034
1 0.258946 0.613470 0.019519 0.028306
1 0.502749 0.775012 0.020461 0.019522
0 0.606701 0.571010 0.050098 0.021474
1 0.647764 0.623719 0.026823 0.022450
1 0.519193 0.392631 0.019519 0.022938
0 0.814574 0.173011 0.029928 0.020986
0 0.265777 0.741581 0.033182 0.025866
0 0.335068 0.739141 0.052049 0.020986
0 0.222837 0.337238 0.034483 0.021474
1 0.659727 0.300878 0.020820 0.026842
1 0.344502 0.222792 0.031880 0.031723
1 0.424528 0.789409 0.027977 0.026842
0 0.567990 0.571010 0.024723 0.020498
1 0.808393 0.453636 0.035784 0.018058
1 0.487917 0.383226 0.030579 0.018058
1 0.783439 0.284285 0.019708 0.024890
0 0.266103 0.256711 0.132726 0.031235
1 0.563110 0.526110 0.033182 0.023426
1 0.717809 0.296486 0.017271 0.019034
1 0.532856 0.142753 0.028627 0.027818
1 0.222837 0.141044 0.017567 0.025378
0 0.573195 0.411664 0.053351 0.021962
1 0.360495 0.288066 0.017662 0.025015
1 0.642058 0.366032 0.019151 0.027330
1 0.707872 0.230844 0.026025 0.018546
1 0.223162 0.547340 0.016916 0.028795
1 0.551074 0.713275 0.022121 0.026842
1 0.365647 0.531967 0.026025 0.029283
0 0.523097 0.411420 0.046845 0.021474
1 0.403756 0.436066 0.018964 0.025866
0 0.607027 0.729136 0.018217 0.016593
1 0.725114 0.375549 0.021470 0.018058
1 0.314249 0.231576 0.019519 0.023914
1 0.473650 0.607613 0.018217 0.026354
0 0.744307 0.413860 0.026025 0.013665
1 0.808718 0.540752 0.020820 0.026354
0 0.585231 0.650561 0.040989 0.022450
1 0.231945 0.615422 0.027977 0.029283
1 0.210800 0.522450 0.024723 0.015129
1 0.624268 0.704490 0.026675 0.017082
1 0.316851 0.799658 0.027326 0.025866
1 0.357840 0.452660 0.022121 0.033675
0 0.414769 0.735725 0.038386 0.020010
1 0.222880 0.378721 0.017653 0.018546
1 0.288549 0.362616 0.024073 0.026354
1 0.667861 0.440947 0.014966 0.025866
1 0.305631 0.368256 0.011580 0.027346
1 0.371178 0.231332 0.018868 0.022450
1 0.720445 0.455061 0.008401 0.019034
1 0.402759 0.287589 0.010258 0.028306
1 0.441770 0.153978 0.019519 0.024890
1 0.430709 0.222304 0.029928 0.028795
1 0.224138 0.238653 0.017567 0.020498
1 0.559351 0.217667 0.020459 0.018546
1 0.263826 0.371401 0.026675 0.032211
1 0.303839 0.153490 0.016916 0.022938
1 0.590436 0.153001 0.017567 0.022938
1 0.421841 0.607508 0.008537 0.011151
1 0.620690 0.151049 0.016916 0.021962
1 0.355797 0.716691 0.021938 0.025866
1 0.494795 0.612494 0.022772 0.023426
1 0.207222 0.715471 0.016265 0.013665
1 0.500325 0.705466 0.018217 0.024890
1 0.406461 0.393006 0.015760 0.021474
1 0.641180 0.142753 0.018861 0.033675
1 0.333767 0.154222 0.020820 0.025378
1 0.394600 0.612006 0.029278 0.018546
1 0.210475 0.607125 0.024073 0.015617
1 0.759271 0.757931 0.018217 0.028306
1 0.456734 0.231820 0.019519 0.022450
1 0.202017 0.137628 0.014964 0.015617
1 0.209174 0.634700 0.018868 0.015129
1 0.562134 0.153734 0.016916 0.022450
1 0.549772 0.618106 0.024723 0.023914
1 0.270467 0.287419 0.023043 0.025378
1 0.410215 0.153490 0.020169 0.025866
1 0.778790 0.775256 0.020820 0.023914
0 0.700065 0.725720 0.052049 0.024402
1 0.284320 0.613470 0.020820 0.028306
1 0.516489 0.449732 0.016712 0.030747
1 0.228367 0.465593 0.028627 0.027330
1 0.206897 0.444363 0.023422 0.015129
0 0.789850 0.410688 0.055953 0.020986
1 0.298346 0.721571 0.011135 0.026842
0 0.512036 0.495608 0.094990 0.017082
1 0.210800 0.361884 0.023422 0.015129
1 0.742355 0.463397 0.018217 0.024890
0 0.483084 0.413128 0.025374 0.020010
1 0.499675 0.233041 0.022121 0.023914
1 0.295055 0.765495 0.022772 0.016105
1 0.616053 0.213573 0.019519 0.022938
1 0.678920 0.141532 0.024073 0.029283
1 0.202342 0.391410 0.015615 0.013665
1 0.809694 0.156174 0.018868 0.016593
1 0.762405 0.135920 0.017941 0.028795
1 0.207222 0.554173 0.014964 0.014153
1 0.746916 0.365393 0.023890 0.023528
1 0.309577 0.451893 0.023890 0.030810
0 0.664281 0.714495 0.033832 0.066374
1 0.405660 0.233529 0.017567 0.022938
1 0.422505 0.300418 0.009059 0.022466
1 0.205270 0.472670 0.017567 0.014153
1 0.817827 0.766959 0.023422 0.026842
1 0.205595 0.189117 0.020820 0.012201
1 0.330839 0.367984 0.020169 0.023426
1 0.544785 0.446803 0.020820 0.023914
1 0.529603 0.308443 0.019519 0.024402
1 0.333116 0.718643 0.024723 0.023914
1 0.332302 0.301855 0.015287 0.028795
1 0.397023 0.524794 0.017147 0.015494
1 0.411841 0.718155 0.027326 0.018058
0 0.491217 0.575647 0.124919 0.016105
1 0.212427 0.683504 0.024073 0.013177
1 0.202017 0.215959 0.013663 0.012201
1 0.206246 0.294290 0.013012 0.012689
1 0.535700 0.214813 0.016434 0.025527
1 0.253741 0.301611 0.015615 0.025378
1 0.314249 0.312103 0.024723 0.017082
1 0.251464 0.533187 0.024073 0.032699
1 0.708198 0.149341 0.018868 0.016593
1 0.690306 0.623231 0.026025 0.017570
1 0.389720 0.380673 0.020820 0.024402
1 0.451550 0.528380 0.013181 0.024543
1 0.839948 0.448023 0.022121 0.010737
1 0.620824 0.446633 0.022039 0.029771
0 0.373455 0.738897 0.024723 0.012689
0 0.365322 0.336262 0.047495 0.015617
1 0.730324 0.549780 0.018217 0.015129
1 0.383483 0.440784 0.009586 0.010684
1 0.443722 0.447779 0.023422 0.024890
0 0.259597 0.336994 0.039037 0.015129
1 0.221305 0.290142 0.019708 0.020010
1 0.296682 0.792826 0.014314 0.012201
1 0.739427 0.751342 0.022772 0.013177
1 0.785039 0.384183 0.017042 0.018609
1 0.503978 0.527799 0.020967 0.024402
0 0.292778 0.742801 0.022121 0.014641
1 0.292061 0.293667 0.009822 0.009060
1 0.285472 0.713313 0.017300 0.023574
1 0.679932 0.374530 0.022587 0.025921
1 0.461598 0.533568 0.009523 0.008237
1 0.811971 0.394827 0.015615 0.017570
1 0.420921 0.542831 0.010103 0.009524
1 0.780313 0.149585 0.017773 0.015129
1 0.846129 0.762811 0.021470 0.013665
1 0.332575 0.442303 0.019736 0.026440
1 0.642485 0.440947 0.021470 0.026842
1 0.271209 0.525227 0.020314 0.026354
1 0.835719 0.611762 0.020169 0.012201
1 0.701991 0.367609 0.022772 0.028795
1 0.825634 0.527574 0.014314 0.011713
1 0.208848 0.104197 0.023422 0.014153
1 0.710150 0.513421 0.020169 0.013665
1 0.831490 0.153978 0.015615 0.010249
1 0.686402 0.451440 0.011711 0.010737
1 0.514964 0.315276 0.014964 0.019522
1 0.387299 0.299352 0.008315 0.008344
1 0.528435 0.709339 0.019519 0.029212
1 0.710150 0.545632 0.013663 0.017570
1 0.718563 0.138644 0.007358 0.008941
1 0.447625 0.297218 0.026025 0.019522
1 0.436829 0.522025 0.017342 0.012699
0 0.480156 0.310151 0.063761 0.076623
1 0.482043 0.528233 0.021683 0.024402
1 0.499618 0.450464 0.016265 0.030259
1 0.463431 0.441396 0.017630 0.020786
1 0.824658 0.289165 0.022772 0.015129
0 0.778465 0.175451 0.037085 0.014153
1 0.432625 0.540573 0.014882 0.021939
1 0.526675 0.522694 0.029278 0.015617
1 0.263434 0.718756 0.008315 0.009870
1 0.742194 0.140572 0.008935 0.008058
1 0.482356 0.437829 0.017599 0.014255
1 0.826285 0.375061 0.018217 0.013177
1 0.501488 0.310639 0.010134 0.019034
1 0.706289 0.454443 0.017653 0.017719
0 0.457710 0.413860 0.021470 0.018546
1 0.508133 0.280625 0.019519 0.014641
1 0.885817 0.163250 0.009759 0.008297
1 0.657532 0.135426 0.012989 0.012640
1 0.730026 0.143326 0.013691 0.014220
1 0.749159 0.133912 0.006670 0.007768
1 0.819985 0.203499 0.017377 0.008953
1 0.675612 0.217324 0.017904 0.014484
1 0.583284 0.199746 0.008074 0.009612
1 0.575034 0.207317 0.007723 0.007900
1 0.518864 0.223052 0.016149 0.025675
1 0.204316 0.268806 0.014042 0.011587
1 0.235736 0.290005 0.007021 0.016064
1 0.242582 0.294152 0.007021 0.010402
1 0.242669 0.307517 0.009303 0.009217
1 0.288395 0.282961 0.010181 0.013035
1 0.294275 0.301987 0.008952 0.008427
1 0.294363 0.309953 0.008074 0.008558
1 0.346407 0.296259 0.013165 0.013035
1 0.372034 0.286186 0.007899 0.008690
1 0.374843 0.293626 0.010005 0.008295
1 0.393537 0.294218 0.008074 0.008953
1 0.411177 0.286186 0.008601 0.008427
1 0.413898 0.293428 0.008776 0.006847
1 0.429783 0.300604 0.006846 0.007505
1 0.433031 0.306595 0.008074 0.009480
1 0.699747 0.282961 0.011760 0.016459
1 0.737925 0.297247 0.021415 0.016854
1 0.801466 0.285133 0.013340 0.023700
1 0.768642 0.361369 0.017202 0.015010
1 0.767326 0.371573 0.007899 0.006715
1 0.770134 0.379013 0.015973 0.008953
1 0.798307 0.395142 0.010181 0.014879
1 0.658673 0.360250 0.013867 0.015142
1 0.581353 0.360052 0.015798 0.026860
1 0.450496 0.371442 0.011058 0.031995
1 0.459887 0.373943 0.006319 0.011192
1 0.463046 0.387439 0.008425 0.011850
1 0.375545 0.373878 0.007899 0.010007
1 0.379143 0.382238 0.008425 0.008295
1 0.313759 0.368216 0.009303 0.009743
1 0.318147 0.375326 0.008601 0.008953
1 0.240563 0.379013 0.014920 0.016064
1 0.392045 0.434972 0.006495 0.007900
1 0.421007 0.431746 0.012463 0.015669
1 0.528782 0.445966 0.007197 0.009348
1 0.531941 0.454393 0.007548 0.009612
1 0.679737 0.438922 0.007899 0.008427
1 0.727656 0.458540 0.007548 0.007373
1 0.728534 0.469732 0.009303 0.007110
1 0.464889 0.542610 0.008952 0.009875
1 0.417321 0.535369 0.010005 0.007505
1 0.413371 0.525164 0.014393 0.015010
1 0.430398 0.602190 0.011234 0.010533
1 0.446195 0.602519 0.023521 0.027782
1 0.578457 0.616937 0.010005 0.007637
1 0.585741 0.611144 0.008776 0.008690
1 0.599520 0.608576 0.019484 0.029625
1 0.618038 0.613316 0.019308 0.014615
1 0.667801 0.625166 0.011760 0.015669
1 0.601363 0.706076 0.011234 0.016590
1 0.374843 0.712792 0.013516 0.016064
1 0.272422 0.714042 0.008425 0.009348
1 0.306211 0.718717 0.007197 0.007637
1 0.309195 0.725761 0.008250 0.008558
1 0.520620 0.775795 0.014042 0.017249