0 0.425157 0.633188 0.095597 0.041921
0 0.291824 0.524454 0.133333 0.035808
0 0.707547 0.745852 0.119497 0.038428
0 0.273585 0.178603 0.207547 0.039301
0 0.627044 0.745415 0.044025 0.028821
0 0.200629 0.521834 0.051572 0.027074
0 0.714465 0.519651 0.055346 0.033188
0 0.576730 0.636245 0.114465 0.035808
0 0.440252 0.179039 0.118239 0.040175
1 0.759748 0.473362 0.055346 0.027948
0 0.546541 0.742795 0.109434 0.035808
0 0.324528 0.290830 0.060377 0.034934
0 0.254717 0.737555 0.154717 0.037555
1 0.417610 0.118341 0.030189 0.037555
1 0.711950 0.470306 0.032704 0.020087
1 0.676730 0.218777 0.030189 0.039301
1 0.179245 0.659389 0.026415 0.020961
0 0.410692 0.525764 0.101887 0.038428
0 0.515094 0.523144 0.046541 0.027948
0 0.388050 0.293013 0.061635 0.030568
1 0.259119 0.450655 0.027673 0.038428
1 0.383648 0.470306 0.030189 0.039301
0 0.538721 0.175983 0.073668 0.035808
1 0.701887 0.325328 0.027673 0.037555
1 0.535220 0.335371 0.031447 0.036681
1 0.626415 0.692576 0.045283 0.040175
0 0.351572 0.632751 0.044025 0.025328
0 0.245912 0.405677 0.152201 0.041048
1 0.415723 0.333624 0.031447 0.036681
1 0.715723 0.582969 0.032704 0.021834
1 0.183019 0.551528 0.031447 0.020087
1 0.574843 0.489520 0.025157 0.037555
1 0.247799 0.334498 0.042767 0.034934
1 0.639623 0.337555 0.036478 0.020087
0 0.614465 0.519214 0.144654 0.035808
1 0.353459 0.352838 0.032704 0.040175
1 0.671698 0.711354 0.027673 0.039301
1 0.308176 0.458952 0.030189 0.034061
0 0.350088 0.721981 0.055012 0.025203
1 0.614465 0.479039 0.028931 0.035808
1 0.669182 0.334498 0.027673 0.036681
1 0.371069 0.237555 0.030189 0.038428
1 0.290566 0.352838 0.042767 0.034934
1 0.655975 0.468996 0.028931 0.036681
1 0.593711 0.335371 0.027673 0.036681
0 0.476730 0.296943 0.113208 0.038428
1 0.557862 0.238428 0.028931 0.038428
0 0.284277 0.627948 0.085535 0.036681
0 0.387421 0.407860 0.123270 0.029694
1 0.775472 0.205240 0.038994 0.022707
0 0.691525 0.637312 0.109108 0.036681
1 0.735849 0.589083 0.020126 0.049782
1 0.571069 0.690393 0.027673 0.037555
1 0.453459 0.256769 0.028931 0.040175
1 0.559119 0.133624 0.036478 0.019214
1 0.544654 0.575546 0.030189 0.041921
1 0.737736 0.220087 0.028931 0.040175
0 0.586792 0.404803 0.044025 0.027074
1 0.603774 0.582533 0.027673 0.036681
1 0.482390 0.334498 0.031447 0.036681
0 0.581761 0.296507 0.101887 0.035808
1 0.762893 0.687336 0.044025 0.026201
1 0.206289 0.126638 0.025157 0.034934
0 0.684906 0.404803 0.157233 0.042795
0 0.672327 0.296070 0.074214 0.036681
1 0.471069 0.126638 0.041509 0.036681
1 0.260377 0.596070 0.042767 0.032314
1 0.253813 0.667673 0.039653 0.033188
1 0.354717 0.590830 0.027673 0.041048
1 0.608805 0.107424 0.027673 0.034934
1 0.209434 0.331441 0.028931 0.035808
1 0.284906 0.234934 0.028931 0.036681
1 0.202516 0.447598 0.022642 0.035808
1 0.175472 0.698690 0.026415 0.024454
1 0.235220 0.143231 0.027673 0.017467
1 0.201258 0.667249 0.022642 0.033188
1 0.176730 0.592140 0.023899 0.022707
1 0.205660 0.596070 0.021384 0.034061
1 0.180503 0.210917 0.028931 0.021834
1 0.664780 0.106987 0.023899 0.037555
1 0.724528 0.691703 0.050314 0.040175
1 0.322642 0.237555 0.036478 0.019214
1 0.179874 0.123581 0.025157 0.030568
0 0.508176 0.404367 0.115723 0.034934
1 0.271698 0.144978 0.027673 0.038428
1 0.179245 0.365066 0.023899 0.019214
1 0.418004 0.569907 0.031917 0.034137
1 0.179874 0.325764 0.032704 0.020961
1 0.645283 0.242795 0.017610 0.048908
1 0.305031 0.609170 0.028931 0.016594
1 0.340252 0.460699 0.031447 0.018341
1 0.179245 0.442358 0.026415 0.021834
1 0.506135 0.240269 0.044335 0.040364
1 0.279874 0.684716 0.023899 0.033188
0 0.669182 0.174236 0.178616 0.037555
0 0.206289 0.627074 0.065409 0.033188
1 0.510692 0.701747 0.027673 0.021834
1 0.522642 0.133624 0.033962 0.019214
1 0.301258 0.127074 0.023899 0.037555
1 0.639623 0.105677 0.031447 0.033188
1 0.444685 0.562009 0.021445 0.037555
1 0.662893 0.582533 0.032704 0.019214
1 0.222006 0.666812 0.021371 0.034061
1 0.627673 0.240611 0.027673 0.018341
1 0.242340 0.223338 0.046553 0.050655
1 0.514465 0.490830 0.032704 0.019214
1 0.734591 0.325328 0.025157 0.037555
1 0.717610 0.105677 0.031447 0.034934
1 0.510063 0.664629 0.026415 0.020961
1 0.583019 0.124017 0.013836 0.048908
1 0.600629 0.238865 0.031447 0.016594
1 0.175472 0.485590 0.026415 0.022707
1 0.435713 0.236618 0.017610 0.063241
1 0.557233 0.337991 0.015094 0.050655
1 0.767296 0.320524 0.050314 0.027948
1 0.413208 0.238428 0.031447 0.020961
1 0.304403 0.697380 0.025157 0.034061
1 0.738365 0.117031 0.022642 0.034934
1 0.465678 0.450375 0.044587 0.042159
1 0.194340 0.248035 0.031447 0.036681
1 0.351572 0.127705 0.046541 0.039301
1 0.524899 0.677972 0.033339 0.047162
1 0.323270 0.593886 0.015094 0.040175
1 0.688044 0.115016 0.030176 0.033723
1 0.491824 0.455459 0.015094 0.051528
0 0.230301 0.289682 0.129324 0.042560
0 0.728931 0.292140 0.044025 0.032314
1 0.172056 0.245852 0.014553 0.032314
0 0.345283 0.662882 0.054088 0.027948
2 0.637962 0.700202 0.245283 0.008954
0 0.749686 0.518341 0.020126 0.021834
0 0.355346 0.744541 0.049057 0.020087
1 0.312587 0.684951 0.011671 0.056161
1 0.361006 0.469869 0.012579 0.045415
2 0.455619 0.249365 0.573585 0.012309
2 0.450996 0.209878 0.564780 0.015721
2 0.458912 0.589965 0.578616 0.014434
2 0.453648 0.229181 0.568553 0.008024
2 0.451786 0.132232 0.562264 0.012219
2 0.461914 0.480967 0.589937 0.013083
2 0.454717 0.608304 0.572327 0.011769
2 0.455501 0.151805 0.566038 0.010851
2 0.456325 0.571953 0.562264 0.012498
2 0.451857 0.362936 0.558491 0.012021
2 0.456111 0.439917 0.561006 0.015721
2 0.626474 0.664342 0.240252 0.011258
2 0.449478 0.323442 0.559748 0.010986
2 0.244375 0.677811 0.153459 0.011345
2 0.449620 0.098380 0.567296 0.010167
2 0.458562 0.554478 0.578616 0.009474
2 0.254770 0.712042 0.162264 0.011922
2 0.630752 0.719659 0.247799 0.015308
2 0.452008 0.459424 0.565508 0.008708
2 0.629210 0.681672 0.235220 0.010661
2 0.455696 0.116796 0.566038 0.012227
2 0.451922 0.344698 0.573585 0.011436
2 0.244512 0.695449 0.154717 0.011761
2 0.457862 0.381825 0.561006 0.014847
0 0.348012 0.697677 0.050314 0.023581
2 0.245633 0.660887 0.150943 0.015721
2 0.460997 0.267761 0.572740 0.012397
2 0.461697 0.500746 0.575540 0.014584
1 0.440874 0.459719 0.019546 0.012511
1 0.430795 0.470004 0.020768 0.013571
1 0.397200 0.581438 0.023211 0.012511
1 0.463016 0.562671 0.021684 0.012299
1 0.477065 0.571365 0.024738 0.014844