0 0.463750 0.582033 0.038500 0.020259
0 0.440000 0.655762 0.051000 0.024244
0 0.758500 0.728662 0.046000 0.019927
0 0.192000 0.659249 0.111000 0.030555
0 0.592000 0.365161 0.062000 0.024909
0 0.287500 0.657921 0.066000 0.021920
0 0.565500 0.144968 0.128000 0.030887
0 0.474250 0.802557 0.039500 0.018931
0 0.727750 0.511790 0.064500 0.029890
0 0.177500 0.807373 0.064000 0.021255
0 0.507250 0.582365 0.042500 0.020259
0 0.242750 0.804384 0.038500 0.019263
0 0.483000 0.486881 0.108000 0.073730
0 0.725250 0.803554 0.117500 0.026237
0 0.298500 0.219196 0.102000 0.026569
0 0.581000 0.581202 0.099000 0.025241
0 0.527000 0.729492 0.097000 0.023580
0 0.777750 0.143972 0.039500 0.020259
0 0.189750 0.219861 0.103500 0.029226
0 0.365500 0.363334 0.049000 0.023248
0 0.658000 0.290601 0.145000 0.029890
0 0.367250 0.659249 0.090500 0.029226
0 0.289500 0.362670 0.095000 0.025241
0 0.615000 0.510628 0.152000 0.027566
0 0.381250 0.438227 0.131500 0.030223
0 0.696250 0.143308 0.118500 0.024244
0 0.331500 0.708901 0.093000 0.020923
0 0.721750 0.219861 0.172500 0.026569
0 0.363750 0.583361 0.151500 0.030223
0 0.455000 0.364995 0.129000 0.028562
0 0.682000 0.363002 0.110000 0.027898
0 0.780250 0.509631 0.039500 0.023580
0 0.541500 0.363002 0.041000 0.026569
1 0.252750 0.393557 0.021500 0.020591
0 0.653750 0.730488 0.150500 0.028230
0 0.461250 0.290767 0.089500 0.022916
1 0.484408 0.109351 0.013856 0.026982
0 0.392250 0.286284 0.049500 0.032547
0 0.720500 0.582863 0.122000 0.029226
0 0.435500 0.222351 0.158000 0.028230
1 0.533500 0.456327 0.020000 0.022584
1 0.466750 0.189472 0.021500 0.020923
0 0.575500 0.219694 0.112000 0.024244
1 0.753250 0.189638 0.015500 0.015277
0 0.321250 0.730488 0.074500 0.022916
0 0.222250 0.438559 0.171500 0.026237
0 0.492750 0.657755 0.043500 0.020923
0 0.425500 0.704417 0.070000 0.074394
0 0.357000 0.802723 0.188000 0.025905
0 0.579750 0.802723 0.168500 0.027898
0 0.167500 0.584689 0.051000 0.022916
0 0.244750 0.583361 0.086500 0.026237
0 0.776750 0.661242 0.089500 0.031883
1 0.602250 0.116407 0.015500 0.018266
1 0.432271 0.097975 0.014542 0.023251
0 0.613250 0.656592 0.188500 0.032547
1 0.655250 0.109100 0.018500 0.026237
1 0.706000 0.249917 0.015000 0.016274
0 0.386500 0.147127 0.073000 0.019263
0 0.718250 0.655928 0.024500 0.021255
0 0.556250 0.438060 0.203500 0.028562
1 0.514159 0.248384 0.011481 0.013236
1 0.709140 0.313513 0.035402 0.015884
1 0.693750 0.114746 0.017500 0.016274
1 0.371000 0.762537 0.021000 0.023912
0 0.339250 0.491697 0.075500 0.022252
1 0.539750 0.185487 0.017500 0.026237
1 0.171220 0.757896 0.026081 0.017982
0 0.777250 0.287114 0.082500 0.029558
1 0.372500 0.527732 0.020000 0.011956
1 0.170750 0.184822 0.016500 0.024244
1 0.457500 0.540352 0.018000 0.017270
0 0.368250 0.513451 0.122500 0.022584
1 0.489250 0.408502 0.017500 0.015942
1 0.361000 0.106443 0.018000 0.020259
1 0.229500 0.751744 0.014000 0.013617
0 0.678500 0.437396 0.029000 0.020591
1 0.362000 0.615078 0.017000 0.017270
1 0.642000 0.774327 0.016000 0.022916
1 0.542500 0.114248 0.020000 0.037197
1 0.413750 0.249087 0.015500 0.015277
1 0.206250 0.189472 0.015500 0.015609
1 0.647500 0.457655 0.016000 0.013285
1 0.511750 0.777317 0.015500 0.018266
0 0.647750 0.580704 0.025500 0.022252
1 0.575250 0.114082 0.017500 0.014281
1 0.530000 0.677184 0.016000 0.015942
1 0.602250 0.546828 0.013500 0.015609
0 0.400750 0.491531 0.042500 0.021920
1 0.491250 0.247094 0.016500 0.024577
1 0.679000 0.186649 0.015000 0.017934
1 0.563500 0.457323 0.016000 0.014613
1 0.665750 0.247924 0.015500 0.014281
1 0.720750 0.614746 0.015500 0.017270
1 0.673750 0.401030 0.016500 0.027566
1 0.135000 0.527400 0.016000 0.023912
1 0.345750 0.406676 0.015500 0.022916
1 0.628500 0.385918 0.016000 0.019263
0 0.386500 0.465792 0.073000 0.028230
1 0.496000 0.312189 0.016000 0.018598
1 0.560000 0.537529 0.022000 0.020923
0 0.370500 0.730322 0.026000 0.022584
1 0.470000 0.767021 0.017000 0.022916
1 0.221000 0.616074 0.015000 0.018598
1 0.301500 0.624709 0.016000 0.023248
1 0.410500 0.768682 0.015000 0.013617
1 0.777750 0.114580 0.013500 0.013949
1 0.638500 0.253736 0.016000 0.013949
0 0.330750 0.145965 0.026500 0.017602
1 0.171750 0.627698 0.015500 0.015277
1 0.418000 0.181999 0.015000 0.016606
1 0.314000 0.203421 0.017000 0.016274
1 0.135000 0.244769 0.014000 0.022584
1 0.709500 0.406842 0.016000 0.026569
1 0.704000 0.179176 0.015000 0.018266
1 0.346250 0.528894 0.017500 0.012953
1 0.317000 0.752906 0.016000 0.016606
1 0.264250 0.188476 0.017500 0.030887
1 0.687250 0.546496 0.015500 0.016274
1 0.584500 0.310528 0.018000 0.014613
1 0.137000 0.455829 0.014000 0.024244
0 0.705500 0.437894 0.022000 0.017602
1 0.353000 0.172202 0.014000 0.033544
1 0.560750 0.765526 0.014500 0.016606
1 0.384500 0.403022 0.014000 0.014945
1 0.648750 0.545334 0.016500 0.015942
1 0.154500 0.470608 0.015000 0.016606
1 0.586750 0.204251 0.014500 0.013949
1 0.486250 0.676685 0.014500 0.017602
1 0.167240 0.533962 0.029642 0.016608
1 0.718500 0.459150 0.015000 0.014281
1 0.603750 0.457489 0.016500 0.012288
1 0.137250 0.383593 0.015500 0.023912
1 0.773990 0.454289 0.029500 0.020389
1 0.376250 0.190468 0.019500 0.033544
1 0.771000 0.616905 0.015000 0.019595
1 0.600250 0.262869 0.015500 0.016938
1 0.690000 0.767353 0.017000 0.022252
1 0.563000 0.678512 0.015000 0.017270
1 0.504750 0.535702 0.016500 0.026569
1 0.292750 0.763866 0.017500 0.014613
1 0.762000 0.757224 0.015000 0.015942
1 0.539500 0.311690 0.018000 0.018266
1 0.455500 0.247260 0.016000 0.016274
1 0.800000 0.603620 0.016000 0.018266
1 0.604750 0.754567 0.015500 0.017270
1 0.452250 0.309532 0.017500 0.014613
1 0.487750 0.602292 0.016500 0.014281
0 0.321000 0.463799 0.030000 0.028894
1 0.240000 0.693623 0.015000 0.016938
1 0.611250 0.310528 0.015500 0.012620
1 0.434500 0.603122 0.017000 0.013949
1 0.597250 0.608104 0.014500 0.013285
0 0.151500 0.289771 0.028000 0.021588
1 0.464750 0.674527 0.016500 0.023912
1 0.748000 0.619063 0.015000 0.015277
0 0.343750 0.286118 0.047500 0.029558
1 0.288250 0.405845 0.014500 0.022584
1 0.739500 0.113417 0.015000 0.016938
0 0.220750 0.118067 0.169500 0.080704
1 0.424000 0.402358 0.016000 0.028894
1 0.630000 0.603952 0.015000 0.012953
0 0.171500 0.338094 0.115000 0.075722
1 0.555500 0.601793 0.016000 0.011956
1 0.655750 0.309532 0.026500 0.019927
1 0.603250 0.681833 0.016500 0.023248
1 0.765750 0.311690 0.017500 0.015609
1 0.253194 0.261578 0.018306 0.018658
1 0.176500 0.701428 0.016000 0.016606
1 0.136760 0.177262 0.016000 0.028230
1 0.208172 0.262618 0.028655 0.028392
1 0.273000 0.603122 0.016000 0.014613
1 0.314000 0.528728 0.017000 0.012620
0 0.334750 0.684490 0.084500 0.025241
1 0.352500 0.309034 0.016000 0.013617
1 0.204500 0.689472 0.015000 0.020591
1 0.684250 0.676021 0.014500 0.015609
0 0.211250 0.731318 0.142500 0.025241
1 0.612500 0.186483 0.017000 0.025573
1 0.576750 0.388243 0.020500 0.021255
1 0.530250 0.398041 0.015500 0.016938
1 0.142000 0.753570 0.016000 0.021255
1 0.163750 0.396878 0.016500 0.019263
1 0.641250 0.680505 0.015500 0.021920
1 0.678500 0.614248 0.017000 0.016274
1 0.409000 0.310528 0.015000 0.013949
1 0.408240 0.101078 0.028000 0.024909
1 0.737500 0.397210 0.014000 0.017270
1 0.767250 0.540684 0.015500 0.019263
1 0.139000 0.599801 0.014000 0.023912
0 0.770000 0.365659 0.043000 0.027233
1 0.176000 0.263866 0.015000 0.013617
0 0.183000 0.290601 0.025000 0.020591
1 0.652500 0.182830 0.017000 0.018931
1 0.154250 0.689472 0.013500 0.015942
1 0.413000 0.528396 0.019000 0.012620
1 0.152750 0.252740 0.016500 0.025241
0 0.810250 0.363002 0.037500 0.025905
1 0.212500 0.384258 0.017000 0.013949
1 0.334750 0.107605 0.016500 0.021255
1 0.474250 0.246799 0.013500 0.028487
1 0.243250 0.306377 0.018500 0.024909
1 0.723000 0.754567 0.014000 0.016606
1 0.141750 0.678014 0.015500 0.018266
1 0.825250 0.114746 0.013500 0.014945
0 0.788500 0.364995 0.077000 0.027233
1 0.297500 0.309200 0.016000 0.014613
1 0.303500 0.102292 0.022000 0.026569
1 0.348000 0.270508 0.026000 0.024909
1 0.315000 0.122717 0.018000 0.029558
0 0.242250 0.513451 0.088500 0.025241
1 0.264750 0.308203 0.017500 0.019927
1 0.245750 0.480073 0.013500 0.026237
1 0.182750 0.483062 0.015500 0.016938
1 0.236500 0.529060 0.017000 0.013949
1 0.824750 0.459150 0.014500 0.013617
1 0.267500 0.754567 0.016000 0.009963
0 0.782750 0.437230 0.028500 0.020259
0 0.737000 0.438559 0.034000 0.018931
1 0.213000 0.470940 0.016000 0.015942
0 0.182750 0.120060 0.080500 0.021588
0 0.219750 0.132016 0.162500 0.045500
0 0.171000 0.731318 0.061000 0.025241
1 0.184500 0.172368 0.013000 0.010628
0 0.189000 0.731152 0.097000 0.025573
0 0.929000 0.723182 0.065000 0.037529
1 0.780250 0.382431 0.018500 0.012288
1 0.335250 0.111757 0.017500 0.032879
1 0.445472 0.096585 0.013192 0.014179
1 0.457824 0.102002 0.012952 0.014179
1 0.472096 0.107738 0.012233 0.009718
1 0.495961 0.109012 0.011033 0.013542
1 0.509873 0.114668 0.014871 0.012427
1 0.812448 0.191778 0.012233 0.020393
1 0.283091 0.267853 0.036698 0.018003
1 0.298681 0.263073 0.016070 0.010356
1 0.529541 0.250407 0.017749 0.016888
1 0.546930 0.257258 0.013192 0.017206
1 0.828519 0.323614 0.009354 0.019596
1 0.722503 0.308240 0.011753 0.010834
1 0.833196 0.397459 0.016310 0.020074
1 0.178994 0.526586 0.013192 0.008763
1 0.828759 0.551281 0.007915 0.019278
1 0.827679 0.616123 0.008635 0.019915
1 0.751526 0.672761 0.028543 0.018800
1 0.821083 0.679452 0.008395 0.019437
1 0.831157 0.755766 0.010793 0.022305
1 0.178754 0.748836 0.012712 0.010037