0 0.521384 0.730131 0.094340 0.036681
1 0.844025 0.540175 0.037736 0.025328
0 0.323270 0.283843 0.125786 0.033188
1 0.829560 0.107860 0.046541 0.027074
1 0.836478 0.312227 0.040252 0.023581
1 0.659748 0.446288 0.041509 0.033188
0 0.743707 0.723144 0.040874 0.026201
0 0.364621 0.613537 0.042754 0.032314
1 0.618868 0.653275 0.027673 0.034934
0 0.778616 0.172489 0.060377 0.028821
0 0.644025 0.720524 0.158491 0.033188
1 0.447799 0.224454 0.040252 0.029694
1 0.548428 0.554585 0.060377 0.036681
0 0.703145 0.497380 0.125786 0.034061
0 0.425786 0.286026 0.084277 0.032314
0 0.804403 0.720961 0.084277 0.032314
0 0.509434 0.172489 0.072956 0.027074
1 0.445829 0.665939 0.021218 0.034061
1 0.494340 0.552838 0.040252 0.031441
0 0.723899 0.279913 0.061635 0.030568
1 0.415094 0.226201 0.027673 0.036681
0 0.805660 0.494760 0.081761 0.030568
1 0.406289 0.642795 0.045283 0.024454
1 0.455346 0.126201 0.030189 0.035808
1 0.739146 0.430568 0.041814 0.038428
0 0.347170 0.173362 0.178616 0.034061
0 0.499371 0.279476 0.060377 0.031441
1 0.516352 0.212664 0.038994 0.041048
0 0.664151 0.282969 0.070440 0.026201
0 0.455975 0.174236 0.036478 0.021834
1 0.321384 0.220961 0.028931 0.038428
0 0.600000 0.282969 0.052830 0.024454
1 0.333333 0.463319 0.040252 0.032314
0 0.455083 0.609607 0.131343 0.027948
0 0.613208 0.497380 0.054088 0.028821
1 0.351572 0.106987 0.023899 0.034061
1 0.327044 0.553712 0.027673 0.033188
1 0.418141 0.431004 0.048861 0.025328
1 0.469182 0.331004 0.037736 0.033188
0 0.513836 0.500437 0.144654 0.031441
0 0.786792 0.281659 0.061635 0.023581
0 0.751572 0.605240 0.187421 0.036681
0 0.485535 0.389956 0.075472 0.025328
1 0.589284 0.572485 0.031344 0.037555
1 0.777358 0.138428 0.045283 0.035808
0 0.389308 0.389520 0.119497 0.026201
1 0.635220 0.124017 0.037736 0.031441
1 0.554088 0.213537 0.051572 0.027074
1 0.604403 0.427948 0.041509 0.031441
1 0.291824 0.128821 0.025157 0.035808
0 0.398742 0.500000 0.080503 0.025328
1 0.324528 0.117467 0.025157 0.034061
1 0.837736 0.201310 0.045283 0.021834
1 0.761635 0.544978 0.046541 0.041921
0 0.676101 0.169869 0.134591 0.028821
0 0.412579 0.724833 0.128302 0.040165
1 0.399606 0.322271 0.025157 0.034934
1 0.705031 0.435808 0.026415 0.034934
0 0.323423 0.610917 0.034101 0.025328
0 0.740881 0.390393 0.171069 0.033188
0 0.305031 0.724017 0.086792 0.029694
0 0.577358 0.169432 0.062893 0.031441
1 0.601258 0.117031 0.022642 0.040175
1 0.265409 0.326638 0.027673 0.033188
1 0.630189 0.348035 0.025157 0.039301
1 0.655975 0.663319 0.041509 0.032314
1 0.601887 0.222271 0.023899 0.032314
1 0.501258 0.324017 0.026415 0.038428
1 0.362893 0.565502 0.026415 0.035808
1 0.844025 0.429694 0.050314 0.026201
1 0.678032 0.123581 0.049285 0.034061
1 0.392453 0.117031 0.030189 0.034934
1 0.485535 0.219214 0.025157 0.038428
0 0.581132 0.609170 0.118239 0.028821
1 0.296119 0.445415 0.036693 0.033188
1 0.737736 0.645852 0.026415 0.035808
0 0.309434 0.500873 0.103145 0.030568
1 0.295597 0.664192 0.022642 0.034061
1 0.789937 0.432314 0.062893 0.027948
1 0.719497 0.138865 0.025157 0.033188
1 0.581132 0.647598 0.025157 0.037555
0 0.593711 0.391266 0.037736 0.022707
1 0.454717 0.544541 0.028931 0.034061
1 0.265409 0.124017 0.025157 0.031441
1 0.788050 0.207860 0.023899 0.034934
1 0.735849 0.199563 0.027673 0.018341
1 0.694969 0.657205 0.028931 0.037555
1 0.327673 0.665502 0.041509 0.031441
0 0.552201 0.388426 0.045283 0.026642
1 0.364780 0.217904 0.035220 0.020087
1 0.546133 0.330131 0.038178 0.033188
1 0.374214 0.658079 0.026415 0.039301
1 0.296226 0.323581 0.023899 0.035808
1 0.412579 0.555022 0.025157 0.035808
1 0.500629 0.429258 0.025157 0.034061
0 0.294969 0.389083 0.076730 0.025328
1 0.291824 0.555022 0.025157 0.034061
1 0.266038 0.222707 0.028931 0.034934
1 0.363819 0.316157 0.039657 0.040175
1 0.542138 0.648035 0.027673 0.017467
1 0.267925 0.552402 0.025157 0.034061
1 0.268553 0.661135 0.026415 0.033188
1 0.571978 0.125328 0.038434 0.034061
1 0.538994 0.117031 0.026415 0.017467
0 0.634591 0.391266 0.041509 0.022707
1 0.294969 0.216594 0.031447 0.017467
1 0.715094 0.555022 0.049057 0.044541
0 0.547170 0.284279 0.027673 0.021834
1 0.494340 0.645852 0.022642 0.034061
1 0.437107 0.322271 0.023899 0.015721
1 0.375472 0.446725 0.026415 0.035808
1 0.633333 0.568996 0.013836 0.044541
1 0.588603 0.329226 0.048255 0.031379
1 0.800000 0.326638 0.025157 0.031441
1 0.266360 0.444978 0.024544 0.032314
1 0.464780 0.444105 0.023899 0.032314
1 0.718239 0.345852 0.025157 0.033188
1 0.608805 0.353712 0.022642 0.027948
1 0.859748 0.646288 0.041509 0.022707
1 0.676215 0.571179 0.026643 0.019214
0 0.284277 0.610480 0.042767 0.026201
1 0.805660 0.549782 0.021384 0.034061
1 0.675472 0.346725 0.030189 0.017467
1 0.412579 0.114847 0.015094 0.042795
1 0.464780 0.663755 0.016352 0.041921
1 0.704403 0.199127 0.027673 0.015721
1 0.757233 0.327074 0.025157 0.032314
1 0.617610 0.216594 0.015094 0.043668
1 0.777746 0.653438 0.041509 0.041048
1 0.500629 0.117467 0.030189 0.016594
1 0.553459 0.427948 0.027673 0.015721
1 0.832075 0.654148 0.016352 0.045415
1 0.817019 0.662445 0.018944 0.034061
1 0.820126 0.549782 0.015094 0.042795
1 0.680068 0.201310 0.020347 0.039301
1 0.633768 0.215826 0.012038 0.014118
1 0.618868 0.329694 0.012579 0.039301
2 0.543382 0.525827 0.561006 0.008734
2 0.548987 0.543959 0.568553 0.010216
2 0.539706 0.215044 0.564780 0.009607
2 0.538842 0.200279 0.559748 0.012227
2 0.545677 0.562117 0.564780 0.010869
2 0.535379 0.116800 0.558491 0.010039
2 0.538372 0.131071 0.564780 0.011354
2 0.551413 0.655915 0.563522 0.012342
2 0.538071 0.471889 0.561718 0.013216
2 0.531800 0.321781 0.544819 0.011354
2 0.549222 0.673471 0.569811 0.010312
2 0.542850 0.418547 0.561006 0.007860
2 0.539865 0.251699 0.545912 0.013480
2 0.539623 0.359389 0.555975 0.013100
2 0.548905 0.436767 0.557233 0.009607
2 0.546541 0.581659 0.567296 0.015721
2 0.535905 0.304693 0.545759 0.011354
2 0.541516 0.454540 0.554095 0.011301
2 0.529166 0.149647 0.553459 0.013091
2 0.550784 0.692497 0.569811 0.009209
2 0.553397 0.637070 0.566038 0.011459
2 0.531046 0.095717 0.545912 0.013038
2 0.541668 0.337286 0.553459 0.009809
2 0.535256 0.232912 0.541276 0.010941
1 0.644076 0.205084 0.017314 0.012456
1 0.661077 0.206605 0.017940 0.033747
1 0.616332 0.573255 0.020234 0.036498